INSERIRE NEL FILE O:\COMUNITY BANKING\_Statistiche\LogModelli.xls
qta;modulo;ip;data;cag;filiale
1;AS01;10.118.128.111;2021-04-06 08:54:05;00018560;0
1;AS01;10.118.128.111;2021-04-06 09:16:02;00286335;0
1;AS01;10.118.128.111;2021-04-06 09:18:44;00281693;0
1;AS01;10.118.128.111;2021-04-06 09:25:24;00013079;0
1;AS01;10.118.128.111;2021-04-06 09:50:19;00012733;0
1;AS01;10.118.128.111;2021-04-06 10:02:06;00009821;0
1;AS01;10.118.128.111;2021-04-06 10:07:01;00021462;0
1;AS01;10.118.128.111;2021-04-06 10:07:27;00005053;2
1;AS01;10.118.128.111;2021-04-06 10:20:41;00008528;0
1;AS01;10.118.128.111;2021-04-06 10:25:08;00008527;0
1;AS01;10.118.128.111;2021-04-06 10:30:17;00011671;0
1;AS01;10.118.128.111;2021-04-06 10:35:24;00009280;0
1;AS01;10.118.128.111;2021-04-06 10:46:54;01138259;3
1;AS01;10.118.128.111;2021-04-06 10:47:42;00288642;3
1;AS01;10.118.128.111;2021-04-06 10:49:11;00384248;3
1;AS01;10.118.128.111;2021-04-06 10:49:55;00384249;3
1;AS01;10.118.128.111;2021-04-06 10:50:24;00384246;3
1;AS01;10.118.128.111;2021-04-06 10:52:44;01022174;24
1;AS01;10.118.128.111;2021-04-06 10:58:27;01133988;24
1;AS01;10.118.128.111;2021-04-06 11:02:07;00021989;20
1;AS01;10.118.128.111;2021-04-06 11:07:17;00012864;0
1;AS01;10.118.128.111;2021-04-06 11:13:10;00279678;0
1;AS01;10.118.128.111;2021-04-06 11:18:37;00012325;0
1;AS01;10.118.128.111;2021-04-06 11:25:23;00015631;0
1;AS01;10.118.128.111;2021-04-06 11:34:00;00329754;0
1;AS01;10.118.128.111;2021-04-06 11:55:00;00338569;0
1;AS01;10.118.128.111;2021-04-06 12:09:26;00015221;0
1;AS01;10.118.128.111;2021-04-06 12:10:06;00010456;0
1;AS01;10.118.128.111;2021-04-06 12:23:39;00008437;0
1;AS01;10.118.128.111;2021-04-06 12:27:57;00008436;0
1;AS01;10.118.128.111;2021-04-08 09:27:02;00007339;0
1;AS01;10.118.128.111;2021-04-08 09:39:57;00253706;0
1;AS01;10.118.128.111;2021-04-08 09:54:36;00034494;0
1;AS01;10.118.128.111;2021-04-08 10:03:36;00008287;0
1;AS01;10.118.128.111;2021-04-08 10:04:29;00008287;0
1;AS01;10.118.128.111;2021-04-08 10:11:33;00011805;0
1;AS01;10.118.128.111;2021-04-08 10:11:48;00011805;0
1;AS01;10.118.128.111;2021-04-08 10:17:02;00031889;0
1;AS01;10.118.128.111;2021-04-08 10:23:19;00011945;0
1;AS01;10.118.128.111;2021-04-08 10:25:18;00011945;0
1;AS01;10.118.128.111;2021-04-08 10:26:13;00011945;0
1;AS01;10.118.128.111;2021-04-08 10:31:06;00005900;0
1;AS01;10.118.128.111;2021-04-08 10:33:38;00005900;0
1;AS01;10.118.128.111;2021-04-08 10:37:20;00001961;0
1;AS01;10.118.128.111;2021-04-08 10:52:40;00001961;0
1;AS01;10.118.128.111;2021-04-08 10:54:53;00001961;0
1;AS01;10.118.128.111;2021-04-08 10:58:17;00014638;0
1;AS01;10.118.128.111;2021-04-08 11:03:20;00006774;0
1;AS01;10.118.128.111;2021-04-08 11:12:15;00021162;0
1;AS01;10.118.128.111;2021-04-08 11:18:37;00294342;0
1;AS01;10.118.128.111;2021-04-08 11:24:49;00231709;0
1;AS01;10.118.128.111;2021-04-08 11:25:53;00231709;0
1;AS01;10.118.128.111;2021-04-08 11:26:11;00231709;0
1;AS01;10.118.128.111;2021-04-08 11:29:07;00231707;0
1;AS01;10.118.128.111;2021-04-08 11:32:02;00044005;0
1;AS01;10.118.128.111;2021-04-08 11:55:56;00148257;0
1;AS01;10.118.128.111;2021-04-08 12:00:20;00148257;0
1;AS01;10.118.128.111;2021-04-08 12:41:50;00020298;0
1;AS01;10.118.128.111;2021-04-08 12:51:25;00268235;0
1;AS01;10.118.128.111;2021-04-09 10:15:28;00264463;0
1;AS01;10.118.128.111;2021-04-09 10:22:26;00002095;0
1;AS01;10.118.128.111;2021-04-09 10:44:51;00039552;0
1;AS01;10.118.128.111;2021-04-09 10:55:30;00008598;2
1;AS01;10.118.128.111;2021-04-09 11:06:33;00001973;0
1;AS01;10.118.128.111;2021-04-09 11:14:57;00299073;0
1;AS01;10.118.128.111;2021-04-09 11:16:46;00299073;0
1;AS01;10.118.128.111;2021-04-09 11:21:51;00012143;0
1;AS01;10.118.128.111;2021-04-09 11:24:42;00012144;0
1;AS01;10.118.128.111;2021-04-09 11:28:43;00001154;0
1;AS01;10.118.128.111;2021-04-09 11:42:24;00002174;0
1;AS01;10.118.128.111;2021-04-09 12:07:59;00012771;0
1;AS01;10.118.128.111;2021-04-09 12:25:48;00046403;5
1;AS01;10.118.128.111;2021-04-13 15:09:15;00008106;0
1;AS01;10.118.128.111;2021-04-13 15:12:23;00008106;0
1;AS01;10.118.128.111;2021-04-13 15:14:10;40426;0
1;AS01;10.118.128.111;2021-04-13 15:35:23;00009638;0
1;AS01;10.118.128.111;2021-04-13 15:40:31;00007601;0
1;AS01;10.118.128.111;2021-04-13 15:47:01;00012869;0
1;AS01;10.118.128.111;2021-04-13 16:28:49;00013120;0
1;AS01;10.118.128.111;2021-04-13 16:42:53;00001424;0
1;AS01;10.118.128.111;2021-04-15 10:01:17;00364207;2
1;AS01;10.118.128.111;2021-04-15 10:06:34;00011951;0
1;AS01;10.118.128.111;2021-04-15 10:11:43;00149257;0
1;AS01;10.118.128.111;2021-04-15 10:25:11;00209823;0
1;AS01;10.118.128.111;2021-04-15 10:28:42;00273924;0
1;AS01;10.118.128.111;2021-04-15 11:16:15;00038983;0
1;AS01;10.118.128.111;2021-04-15 11:23:39;00009487;0
1;AS01;10.118.128.111;2021-04-15 11:24:08;9488;0
1;AS01;10.118.128.111;2021-04-15 11:30:45;00289931;0
1;AS01;10.118.128.111;2021-04-15 12:12:28;00011817;0
1;AS01;10.118.128.111;2021-04-15 12:18:09;00009628;0
1;AS01;10.118.128.111;2021-04-15 12:24:16;00117875;5
1;AS01;10.118.128.111;2021-04-16 09:34:11;00000526;0
1;AS01;10.118.128.111;2021-04-16 09:41:46;00002098;0
1;AS01;10.118.128.111;2021-04-16 10:01:32;00357351;0
1;AS01;10.118.128.111;2021-04-16 10:06:13;00012656;0
1;AS01;10.118.128.111;2021-04-16 10:20:54;00008299;0
1;AS01;10.118.128.111;2021-04-16 10:38:03;00022126;0
1;AS01;10.118.128.111;2021-04-16 10:38:41;00022125;0
1;AS01;10.118.128.111;2021-04-16 11:14:20;00044656;0
1;AS01;10.118.128.111;2021-04-16 11:15:44;00032035;0
1;AS01;10.118.128.111;2021-04-16 11:29:28;00335658;0
1;AS01;10.118.128.111;2021-04-16 11:34:02;00007669;2
1;AS01;10.118.128.111;2021-04-16 11:39:12;00008832;5
1;AS01;10.118.128.111;2021-04-16 11:43:01;00008833;5
1;AS01;10.118.128.111;2021-04-16 11:46:51;00023897;0
1;AS01;10.118.128.111;2021-04-16 11:51:07;00044495;0
1;AS01;10.118.128.111;2021-04-16 12:07:04;00009605;0
1;AS01;10.118.128.111;2021-04-16 12:11:38;00012623;0
1;AS01;10.118.128.111;2021-04-16 12:12:36;00012779;0
1;AS01;10.118.128.111;2021-04-16 12:18:33;00006768;0
1;AS01;10.118.128.111;2021-04-16 12:44:22;00262442;0
1;AS01;10.118.128.111;2021-04-21 09:35:51;00038214;0
1;AS01;10.118.128.111;2021-04-21 09:47:20;00311564;0
1;AS01;10.118.128.111;2021-04-21 10:11:19;00034362;0
1;AS01;10.118.128.111;2021-04-21 10:16:27;00003785;0
1;AS01;10.118.128.111;2021-04-21 10:28:10;00012503;0
1;AS01;10.118.128.111;2021-04-21 10:35:48;00012807;0
1;AS01;10.118.128.111;2021-04-21 10:47:31;00012269;0
1;AS01;10.118.128.111;2021-04-21 10:53:04;1205;0
1;AS01;10.118.128.111;2021-04-21 10:57:30;00010592;3
1;AS01;10.118.128.111;2021-04-21 11:01:05;00010592;3
1;AS01;10.118.128.111;2021-04-21 11:01:46;10592;3
1;AS01;10.118.128.111;2021-04-21 11:27:07;00286196;0
1;AS01;10.118.128.111;2021-04-21 11:34:13;00031913;0
1;AS01;10.118.128.111;2021-04-21 12:02:33;00011814;0
1;AS01;10.118.128.111;2021-04-21 12:04:52;00010512;0
1;AS01;10.118.128.111;2021-04-21 12:11:10;00011686;0
1;AS01;10.118.128.111;2021-04-23 09:29:02;00168532;0
1;AS01;10.118.128.111;2021-04-23 09:38:55;00346595;0
1;AS01;10.118.128.111;2021-04-23 10:27:52;00012272;0
1;AS01;10.118.128.111;2021-04-23 10:44:53;00044545;0
1;AS01;10.118.128.111;2021-04-23 10:49:43;00315564;0
1;AS01;10.118.128.111;2021-04-23 11:13:13;00034645;0
1;AS01;10.118.128.111;2021-04-23 11:18:02;00034434;0
1;AS01;10.118.128.111;2021-04-23 11:22:57;00016360;0
1;AS01;10.118.128.111;2021-04-23 11:27:42;00148333;0
1;AS01;10.118.128.111;2021-04-23 11:27:55;00148333;0
1;AS01;10.118.128.111;2021-04-23 11:31:33;00021679;0
1;AS01;10.118.128.111;2021-04-23 11:44:10;00028735;0
1;AS01;10.118.128.111;2021-04-23 11:49:08;00100617;0
1;AS01;10.118.128.111;2021-04-23 12:02:35;00031117;0
1;AS01;10.118.128.111;2021-04-23 12:04:52;00031117;0
1;AS01;10.118.128.111;2021-04-26 09:41:52;00008741;2
1;AS01;10.118.128.111;2021-04-26 10:28:09;00310081;0
1;AS01;10.118.128.111;2021-04-26 10:31:28;00000657;0
1;AS01;10.118.128.111;2021-04-26 10:33:34;00000657;0
1;AS01;10.118.128.111;2021-04-26 10:37:59;00015674;0
1;AS01;10.118.128.111;2021-04-26 10:51:06;00038106;0
1;AS01;10.118.128.111;2021-04-26 11:04:03;00338577;0
1;AS01;10.118.128.111;2021-04-26 11:13:21;00012344;0
1;AS01;10.118.128.111;2021-04-26 11:19:39;00008139;0
1;AS01;10.118.128.111;2021-04-26 11:27:55;00027431;0
1;AS01;10.118.128.148;2021-04-13 14:56:42;00192141;0
1;AS01;10.118.128.148;2021-04-15 09:27:42;00033610;2
1;AS01;10.118.128.148;2021-04-16 15:44:35;00178916;3
1;AS01;10.118.128.148;2021-04-16 15:45:03;00178917;3
1;AS01;10.118.128.148;2021-04-21 15:34:31;00018306;0
1;AS01;10.118.128.148;2021-04-23 15:35:37;00021404;0
1;AS01;10.119.192.102;2021-04-09 14:24:47;01006845;20
1;AS01;10.119.192.102;2021-04-09 14:33:48;01001986;20
1;AS01;10.119.192.102;2021-04-09 14:37:43;01000435;20
1;AS01;10.119.192.102;2021-04-09 14:40:40;04122534;70
1;AS01;10.119.192.102;2021-04-09 14:45:35;01000025;20
1;AS01;10.119.192.102;2021-04-09 14:48:26;01005216;20
1;AS01;10.119.192.102;2021-04-09 14:51:27;01024590;20
1;AS01;10.119.192.102;2021-04-09 14:58:44;01046051;20
1;AS01;10.119.192.102;2021-04-09 15:00:31;01007500;20
1;AS01;10.119.192.102;2021-04-09 15:01:56;01014003;20
1;AS01;10.119.192.102;2021-04-09 15:03:51;01132062;20
1;AS01;10.119.192.102;2021-04-09 15:05:06;01023664;20
1;AS01;10.119.192.102;2021-04-09 15:09:38;01010800;20
1;AS01;10.119.192.102;2021-04-09 15:11:04;01016631;20
1;AS01;10.119.192.102;2021-04-09 15:11:42;01016631;20
1;AS01;10.119.192.102;2021-04-09 15:13:56;01032260;22
1;AS01;10.119.192.102;2021-04-09 15:17:56;01435677;20
1;AS01;10.119.192.102;2021-04-09 15:19:50;01145677;25
1;AS01;10.119.192.102;2021-04-09 15:20:35;01145676;25
1;AS01;10.119.192.102;2021-04-09 15:27:29;01057399;20
1;AS01;10.119.192.102;2021-04-09 15:34:56;01004210;20
1;AS01;10.119.192.102;2021-04-09 15:37:10;01027224;25
1;AS01;10.119.192.102;2021-04-09 15:37:58;01027224;25
1;AS01;10.119.192.102;2021-04-09 15:40:07;01002232;20
1;AS01;10.119.192.102;2021-04-09 15:43:31;01435710;20
1;AS01;10.119.192.102;2021-04-09 15:45:50;01015272;20
1;AS01;10.119.192.102;2021-04-09 15:46:48;01027227;25
1;AS01;10.119.192.102;2021-04-09 15:48:38;01004146;20
1;AS01;10.119.192.102;2021-04-09 15:54:21;01016297;20
1;AS01;10.119.192.102;2021-04-09 16:22:31;01000663;20
1;AS01;10.119.192.102;2021-04-09 16:23:44;01002160;20
1;AS01;10.119.192.102;2021-04-09 16:25:53;01030687;20
1;AS01;10.119.192.102;2021-04-11 09:39:59;01021329;20
1;AS01;10.119.192.102;2021-04-11 09:41:02;01000582;20
1;AS01;10.119.192.102;2021-04-11 09:50:01;01035918;20
1;AS01;10.119.192.102;2021-04-11 09:55:07;01023664;20
1;AS01;10.119.192.102;2021-04-11 10:03:00;01012719;23
1;AS01;10.119.192.102;2021-04-11 10:04:10;01145446;20
1;AS01;10.119.192.102;2021-04-11 10:07:14;01145447;20
1;AS01;10.119.192.102;2021-04-11 10:10:50;01155463;20
1;AS01;10.119.192.102;2021-04-11 10:12:10;01018723;20
1;AS01;10.119.192.102;2021-04-11 10:21:59;01019761;20
1;AS01;10.119.192.102;2021-04-11 10:26:04;01001913;20
1;AS01;10.119.192.102;2021-04-11 10:27:48;01001914;20
1;AS01;10.119.192.102;2021-04-11 10:31:29;01002229;20
1;AS01;10.119.192.102;2021-04-11 10:34:01;01001118;20
1;AS01;10.119.192.102;2021-04-11 10:35:56;01140092;20
1;AS01;10.119.192.102;2021-04-11 10:39:26;01000309;20
1;AS01;10.119.192.102;2021-04-11 10:40:16;01075571;20
1;AS01;10.119.192.102;2021-04-11 10:43:28;01018511;20
1;AS01;10.119.192.102;2021-04-11 10:56:22;01017532;20
1;AS01;10.119.192.102;2021-04-11 10:57:08;00312482;23
1;AS01;10.119.192.102;2021-04-11 11:26:16;01017018;20
1;AS01;10.119.192.102;2021-04-11 11:27:37;01022352;20
1;AS01;10.119.192.102;2021-04-11 11:28:34;01006676;20
1;AS01;10.119.192.102;2021-04-11 11:29:17;01044245;20
1;AS01;10.119.192.102;2021-04-11 11:30:24;00351122;20
1;AS01;10.119.192.102;2021-04-11 11:36:01;01003039;20
1;AS01;10.119.192.102;2021-04-11 11:39:12;01119252;20
1;AS01;10.119.192.102;2021-04-11 11:42:03;01044116;20
1;AS01;10.119.192.102;2021-04-11 11:44:27;01002172;20
1;AS01;10.119.192.102;2021-04-11 11:45:06;01119254;20
1;AS01;10.119.192.102;2021-04-11 11:54:32;01436233;20
1;AS01;10.119.192.102;2021-04-11 11:56:32;01004750;20
1;AS01;10.119.192.102;2021-04-11 11:58:26;01005198;20
1;AS01;10.119.192.102;2021-04-11 12:10:11;01000017;20
1;AS01;10.119.192.102;2021-04-11 12:12:17;01006207;20
1;AS01;10.119.192.102;2021-04-11 12:16:05;01021406;20
1;AS01;10.119.192.102;2021-04-11 12:17:56;01435420;20
1;AS01;10.119.192.102;2021-04-16 14:24:00;01095558;20
1;AS01;10.119.192.102;2021-04-16 14:30:30;01006198;20
1;AS01;10.119.192.102;2021-04-16 14:51:24;01001036;20
1;AS01;10.119.192.102;2021-04-16 15:13:40;01018675;20
1;AS01;10.119.192.102;2021-04-16 15:22:29;01005080;20
1;AS01;10.119.192.102;2021-04-16 15:32:46;01022368;20
1;AS01;10.119.192.102;2021-04-16 15:37:30;01004131;20
1;AS01;10.119.192.102;2021-04-16 16:46:23;01001812;20
1;AS01;10.119.192.102;2021-04-18 09:33:20;01002846;20
1;AS01;10.119.192.102;2021-04-18 09:33:30;01002846;20
1;AS01;10.119.192.102;2021-04-18 09:34:50;01007804;20
1;AS01;10.119.192.102;2021-04-18 09:37:20;01078791;20
1;AS01;10.119.192.102;2021-04-18 09:44:34;01078791;20
1;AS01;10.119.192.102;2021-04-18 10:18:24;01003559;20
1;AS01;10.119.192.102;2021-04-18 10:59:39;01003450;20
1;AS01;10.119.192.102;2021-04-18 11:51:36;01147856;20
1;AS01;10.119.192.102;2021-04-20 14:39:21;01018273;20
1;AS01;10.119.192.102;2021-04-20 14:42:06;01018156;20
1;AS01;10.119.192.102;2021-04-20 14:43:36;01145425;20
1;AS01;10.119.192.102;2021-04-20 14:57:30;01145425;20
1;AS01;10.119.192.102;2021-04-20 15:19:48;01036440;20
1;AS01;10.119.192.102;2021-04-26 10:08:42;01117053;20
1;AS01;10.119.192.102;2021-04-26 10:27:24;01019444;20
1;AS01;10.119.192.102;2021-04-26 10:28:13;01019445;20
1;AS01;10.119.192.102;2021-04-26 10:41:05;01025911;20
1;AS01;10.119.192.102;2021-04-26 10:44:43;01078343;20
1;AS01;10.119.192.102;2021-04-26 11:06:07;01081017;20
1;AS01;10.119.192.102;2021-04-26 11:09:08;01011627;20
1;AS01;10.119.192.102;2021-04-26 11:46:56;01023833;20
1;AS01;10.119.192.102;2021-04-26 11:56:15;01013815;20
1;AS01;10.119.203.94;2021-04-06 16:12:26;00125152;0
1;AS01;10.119.203.94;2021-04-06 16:14:44;01004305;22
1;AS01;10.119.203.94;2021-04-24 09:35:40;01003862;22
1;AS01;10.119.203.94;2021-04-24 09:44:39;01003862;22
1;AS01;10.119.208.91;2021-04-22 12:10:56;00417662;70
1;AS01;10.119.208.91;2021-04-22 12:28:12;04111159;70
1;AS01;10.119.208.91;2021-04-22 12:29:27;04002616;70
1;AS01;10.120.10.114;2021-04-09 09:44:47;03043701;68
1;AS01;10.120.10.114;2021-04-09 09:45:02;03043701;68
1;AS01;10.120.10.114;2021-04-09 09:48:43;03051061;68
1;AS01;10.120.10.114;2021-04-09 09:56:35;03078444;68
1;AS01;10.120.10.116;2021-04-20 17:26:37;04111034;70
1;AS01;10.120.10.116;2021-04-20 17:52:27;04001695;70
1;AS01;10.120.10.129;2021-04-14 09:07:46;00363589;66
1;AS01;10.120.10.129;2021-04-14 09:14:07;00363589;66
1;AS01;10.120.10.130;2021-04-16 09:40:54;01030695;20
1;AS01;10.120.10.130;2021-04-16 09:43:41;01019802;20
1;AS01;10.120.10.130;2021-04-16 09:44:34;01030696;20
1;AS01;10.120.10.130;2021-04-16 10:01:32;01030471;20
1;AS01;10.120.10.130;2021-04-16 10:02:09;1031188;25
1;AS01;10.120.10.130;2021-04-16 11:44:56;01073367;20
1;AS01;10.120.10.131;2021-04-20 13:06:42;01025166;24
1;AS01;10.120.10.133;2021-04-08 12:38:26;03051568;64
1;AS01;10.120.10.133;2021-04-08 12:40:30;03152941;64
1;AS01;10.120.10.133;2021-04-08 12:53:20;03030424;63
1;AS01;10.120.10.133;2021-04-08 12:59:43;03001689;61
1;AS01;10.120.10.133;2021-04-14 09:23:12;03286265;63
1;AS01;10.120.10.133;2021-04-14 09:38:22;03266319;63
1;AS01;10.120.10.133;2021-04-14 09:39:42;03266320;63
1;AS01;10.120.10.135;2021-04-07 15:48:30;00443518;64
1;AS01;10.120.10.135;2021-04-07 15:57:19;00023866;3
1;AS01;10.120.10.135;2021-04-12 12:53:24;02020755;40
1;AS01;10.120.10.135;2021-04-12 12:54:14;02020755;40
1;AS01;10.120.10.138;2021-04-06 14:22:07;01435926;22
1;AS01;10.120.10.138;2021-04-06 14:26:12;01024319;20
1;AS01;10.120.10.138;2021-04-20 11:15:21;01023965;24
1;AS01;10.120.10.138;2021-04-20 11:16:48;01021689;24
1;AS01;10.120.10.138;2021-04-21 11:21:12;00042557;1
1;AS01;10.120.10.139;2021-04-14 15:35:02;3062290;67
1;AS01;10.120.10.139;2021-04-19 09:56:32;01018026;20
1;AS01;10.120.10.139;2021-04-19 10:01:50;01065584;20
1;AS01;10.120.10.139;2021-04-19 10:02:53;1150895;20
1;AS01;10.120.10.139;2021-04-19 10:03:06;1150895;20
1;AS01;10.120.10.139;2021-04-19 12:10:07;01087501;22
1;AS01;10.120.10.139;2021-04-19 12:12:10;01095115;22
1;AS01;10.120.10.139;2021-04-19 12:16:35;01001615;20
1;AS01;10.120.10.139;2021-04-19 12:19:35;01017998;20
1;AS01;10.120.10.139;2021-04-19 12:20:45;01435347;20
1;AS01;10.120.10.139;2021-04-19 12:21:59;01012413;20
1;AS01;10.120.10.142;2021-04-08 10:11:07;03080054;64
1;AS01;10.120.10.142;2021-04-08 10:20:33;03080054;64
1;AS01;10.120.10.177;2021-04-06 12:43:22;00005768;1
1;AS01;10.120.10.177;2021-04-06 12:47:36;00036432;1
1;AS01;10.120.10.177;2021-04-24 10:10:27;02008993;40
1;AS01;10.120.10.177;2021-04-24 11:08:01;02014737;40
1;AS01;10.120.10.178;2021-04-14 17:32:41;01135080;33
1;AS01;10.120.10.178;2021-04-14 17:34:56;00339040;33
1;AS01;10.120.10.178;2021-04-14 17:41:55;01152296;33
1;AS01;10.120.10.178;2021-04-14 17:44:16;00294899;33
1;AS01;10.120.10.179;2021-04-08 10:00:50;03040924;64
1;AS01;10.120.10.179;2021-04-08 16:34:54;03900500;64
1;AS01;10.120.10.179;2021-04-08 16:37:11;03041928;64
1;AS01;10.120.10.179;2021-04-08 16:40:36;03271729;64
1;AS01;10.120.10.179;2021-04-08 16:45:19;03285940;64
1;AS01;10.120.10.179;2021-04-08 16:54:16;03282025;64
1;AS01;10.120.10.179;2021-04-08 16:55:13;03282025;64
1;AS01;10.120.10.180;2021-04-08 08:50:54;03088081;61
1;AS01;10.120.10.180;2021-04-15 09:43:30;00420187;57
1;AS01;10.120.10.180;2021-04-15 10:51:23;1095573;57
1;AS01;10.120.10.180;2021-04-15 11:51:28;1095573;57
1;AS01;10.120.10.180;2021-04-15 11:52:28;398802;57
1;AS01;10.120.10.180;2021-04-15 14:13:32;405166;57
1;AS01;10.120.10.180;2021-04-15 14:14:44;01017422;57
1;AS01;10.120.10.180;2021-04-15 15:41:59;368089;57
1;AS01;10.120.10.180;2021-04-15 16:15:18;368087;57
1;AS01;10.120.10.180;2021-04-20 12:33:23;00444050;57
1;AS01;10.120.10.180;2021-04-20 12:33:41;00444050;57
1;AS01;10.120.10.180;2021-04-20 12:34:03;00444047;57
1;AS01;10.120.10.181;2021-04-22 08:31:32;00326767;41
1;AS01;10.120.10.181;2021-04-22 08:50:17;00326767;41
1;AS01;10.120.10.182;2021-04-09 11:16:11;03170185;62
1;AS01;10.120.10.182;2021-04-09 12:35:23;3054647;62
1;AS01;10.120.10.182;2021-04-09 17:10:46;03053879;60
1;AS01;10.120.10.182;2021-04-09 17:13:04;03278453;60
1;AS01;10.120.10.182;2021-04-09 17:17:00;03061602;62
1;AS01;10.120.10.184;2021-04-08 09:58:11;01019899;24
1;AS01;10.120.10.184;2021-04-08 10:00:13;01000992;20
1;AS01;10.120.10.184;2021-04-08 10:02:05;01026049;24
1;AS01;10.120.10.184;2021-04-08 10:03:54;01116489;24
1;AS01;10.120.10.184;2021-04-08 10:04:53;01025297;24
1;AS01;10.120.10.184;2021-04-08 10:06:01;01017516;24
1;AS01;10.120.10.184;2021-04-08 10:16:14;01016560;24
1;AS01;10.120.10.184;2021-04-08 10:16:54;01018895;24
1;AS01;10.120.10.184;2021-04-08 10:28:45;01017815;24
1;AS01;10.120.10.184;2021-04-08 10:29:58;01017962;24
1;AS01;10.120.10.184;2021-04-08 10:31:31;01023765;24
1;AS01;10.120.10.184;2021-04-08 10:32:20;353985;24
1;AS01;10.120.10.184;2021-04-08 16:07:13;01435822;24
1;AS01;10.120.10.184;2021-04-08 16:08:22;01027662;24
1;AS01;10.120.10.184;2021-04-08 16:10:05;1139763;24
1;AS01;10.120.10.184;2021-04-08 16:10:29;340095;24
1;AS01;10.120.10.184;2021-04-08 16:10:54;1027326;24
1;AS01;10.120.10.186;2021-04-07 15:05:31;03114147;61
1;AS01;10.120.10.186;2021-04-07 17:20:34;03039248;61
1;AS01;10.120.10.186;2021-04-07 18:13:57;03255589;61
1;AS01;10.120.10.186;2021-04-07 18:16:08;03202122;61
1;AS01;10.120.10.186;2021-04-07 18:26:13;03145642;61
1;AS01;10.120.10.186;2021-04-07 18:35:46;03005617;61
1;AS01;10.120.10.186;2021-04-07 18:41:45;03052442;61
1;AS01;10.120.10.186;2021-04-07 18:42:38;03052657;61
1;AS01;10.120.10.186;2021-04-07 18:48:39;03004838;61
1;AS01;10.120.10.186;2021-04-07 19:02:17;03020115;61
1;AS01;10.120.10.186;2021-04-07 19:03:11;03290932;61
1;AS01;10.120.10.186;2021-04-07 19:19:28;03128893;61
1;AS01;10.120.10.186;2021-04-07 20:00:07;03900398;61
1;AS01;10.120.10.187;2021-04-07 11:30:58;00353595;48
1;AS01;10.120.10.187;2021-04-07 11:32:54;00353595;48
1;AS01;10.120.10.187;2021-04-07 11:34:21;332288;48
1;AS01;10.120.10.187;2021-04-07 12:23:38;01149030;23
1;AS01;10.120.10.188;2021-04-21 10:38:03;03028035;61
1;AS01;10.120.10.188;2021-04-21 10:49:15;03028033;61
1;AS01;10.120.10.189;2021-04-19 08:27:12;01435324;20
1;AS01;10.120.10.189;2021-04-19 08:51:46;01019370;20
1;AS01;10.120.10.189;2021-04-19 09:08:57;01011421;20
1;AS01;10.120.10.189;2021-04-19 09:22:51;01000686;20
1;AS01;10.120.10.189;2021-04-19 09:26:31;01004227;20
1;AS01;10.120.10.189;2021-04-19 10:22:01;00324510;20
1;AS01;10.120.10.189;2021-04-19 10:47:40;01064148;20
1;AS01;10.120.10.189;2021-04-19 11:01:59;01009093;20
1;AS01;10.120.10.189;2021-04-19 11:24:05;01129639;33
1;AS01;10.120.10.189;2021-04-20 08:35:24;01054272;20
1;AS01;10.120.10.189;2021-04-20 10:56:38;01018185;20
1;AS01;10.120.10.189;2021-04-20 11:04:16;01117914;20
1;AS01;10.120.10.189;2021-04-20 12:20:52;01018826;20
1;AS01;10.120.10.189;2021-04-20 15:36:49;01014533;20
1;AS01;10.120.10.189;2021-04-21 09:19:44;01013443;26
1;AS01;10.120.10.189;2021-04-21 10:50:03;01066628;26
1;AS01;10.120.10.189;2021-04-21 10:59:49;01050232;26
1;AS01;10.120.10.189;2021-04-21 11:03:16;01150123;26
1;AS01;10.120.10.189;2021-04-21 11:05:33;01150121;26
1;AS01;10.120.10.189;2021-04-21 11:06:58;01013443;26
1;AS01;10.120.10.189;2021-04-21 11:08:34;01026897;26
1;AS01;10.120.10.189;2021-04-21 11:10:06;01150646;26
1;AS01;10.120.10.189;2021-04-21 11:13:32;01150644;26
1;AS01;10.120.10.189;2021-04-21 11:28:29;01107986;26
1;AS01;10.120.10.189;2021-04-21 11:29:36;01016135;26
1;AS01;10.120.10.189;2021-04-21 11:32:51;01435993;26
1;AS01;10.120.10.189;2021-04-21 11:34:15;00325654;26
1;AS01;10.120.10.189;2021-04-21 11:35:07;00325652;26
1;AS01;10.120.10.189;2021-04-21 11:40:44;01107988;26
1;AS01;10.120.10.189;2021-04-21 11:44:14;01013850;26
1;AS01;10.120.10.189;2021-04-21 11:45:14;01098935;26
1;AS01;10.120.10.189;2021-04-21 11:46:58;01090530;26
1;AS01;10.120.10.189;2021-04-21 11:51:47;01090531;26
1;AS01;10.120.10.189;2021-04-21 11:56:48;01074960;26
1;AS01;10.120.10.189;2021-04-21 11:58:30;01049223;26
1;AS01;10.120.10.189;2021-04-21 12:01:06;01039830;26
1;AS01;10.120.10.189;2021-04-21 12:02:26;01039149;26
1;AS01;10.120.10.189;2021-04-21 12:03:38;01066685;26
1;AS01;10.120.10.189;2021-04-21 12:05:53;01111123;26
1;AS01;10.120.10.189;2021-04-21 12:07:22;01154209;26
1;AS01;10.120.10.189;2021-04-21 12:08:09;03031941;61
1;AS01;10.120.10.189;2021-04-21 12:09:19;01145836;26
1;AS01;10.120.10.189;2021-04-21 12:19:27;01146043;26
1;AS01;10.120.10.189;2021-04-21 13:04:13;01008122;26
1;AS01;10.120.10.189;2021-04-21 15:52:35;01050232;26
1;AS01;10.120.10.189;2021-04-21 15:56:31;01026897;26
1;AS01;10.120.10.189;2021-04-21 16:06:47;01145835;26
1;AS01;10.120.10.189;2021-04-21 16:32:51;01026897;26
1;AS01;10.120.10.189;2021-04-21 16:34:47;02707390;26
1;AS01;10.120.10.189;2021-04-21 16:39:59;01135052;26
1;AS01;10.120.10.189;2021-04-21 17:37:26;01155164;26
1;AS01;10.120.10.189;2021-04-21 18:23:30;00318304;26
1;AS01;10.120.10.189;2021-04-22 15:00:36;00404677;1
1;AS01;10.120.10.191;2021-04-14 10:07:26;03062291;67
1;AS01;10.120.10.191;2021-04-14 10:09:24;03062291;67
1;AS01;10.120.10.191;2021-04-14 10:12:12;00353827;67
1;AS01;10.120.10.191;2021-04-14 10:28:20;03287855;67
1;AS01;10.120.10.191;2021-04-14 10:29:30;03287855;67
1;AS01;10.120.10.191;2021-04-14 10:46:56;03053042;67
1;AS01;10.120.10.191;2021-04-14 10:52:00;03280417;67
1;AS01;10.120.10.191;2021-04-14 11:48:40;00400849;67
1;AS01;10.120.10.191;2021-04-14 12:16:48;00355720;67
1;AS01;10.120.10.191;2021-04-14 12:18:31;03297060;67
1;AS01;10.120.10.191;2021-04-14 15:05:39;03281252;67
1;AS01;10.120.10.191;2021-04-14 16:44:10;03270835;67
1;AS01;10.120.10.191;2021-04-14 17:57:06;03208144;67
1;AS01;10.120.10.191;2021-04-14 17:58:20;03208144;67
1;AS01;10.120.10.191;2021-04-15 11:18:15;03012912;61
1;AS01;10.120.10.191;2021-04-15 11:19:14;03016067;61
1;AS01;10.120.10.191;2021-04-15 11:35:51;03015339;61
1;AS01;10.120.10.191;2021-04-15 12:26:55;03269370;61
1;AS01;10.120.10.191;2021-04-15 14:52:37;03002315;61
1;AS01;10.120.10.191;2021-04-15 16:47:35;01026174;23
1;AS01;10.120.10.191;2021-04-15 16:56:09;01015554;23
1;AS01;10.120.10.191;2021-04-15 17:05:18;01050566;23
1;AS01;10.120.10.191;2021-04-15 17:06:52;01016220;23
1;AS01;10.120.10.191;2021-04-15 17:16:41;01138569;23
1;AS01;10.120.10.191;2021-04-15 17:18:38;01148500;23
1;AS01;10.120.10.191;2021-04-15 17:21:57;01022171;23
1;AS01;10.120.10.191;2021-04-15 17:26:56;01014035;23
1;AS01;10.120.10.191;2021-04-15 17:30:31;01014780;23
1;AS01;10.120.10.191;2021-04-15 17:34:08;01016108;23
1;AS01;10.120.10.191;2021-04-15 17:35:15;01018513;23
1;AS01;10.120.10.191;2021-04-15 17:38:40;01020472;23
1;AS01;10.120.10.191;2021-04-15 17:40:40;01060297;23
1;AS01;10.120.10.191;2021-04-15 17:41:31;1044756;23
1;AS01;10.120.10.191;2021-04-15 17:42:45;01013853;23
1;AS01;10.120.10.191;2021-04-15 17:43:50;01025817;23
1;AS01;10.120.10.191;2021-04-15 17:44:56;00355256;23
1;AS01;10.120.10.191;2021-04-15 17:46:10;00355252;23
1;AS01;10.120.10.191;2021-04-15 17:47:45;01134102;23
1;AS01;10.120.10.191;2021-04-15 17:48:59;01013500;23
1;AS01;10.120.10.191;2021-04-15 17:50:17;01013501;23
1;AS01;10.120.10.191;2021-04-15 17:51:30;01024305;23
1;AS01;10.120.10.191;2021-04-15 17:52:44;01078905;23
1;AS01;10.120.10.191;2021-04-15 17:54:57;01435758;23
1;AS01;10.120.10.191;2021-04-15 17:58:08;01139742;23
1;AS01;10.120.10.194;2021-04-20 10:55:42;04111426;70
1;AS01;10.120.10.194;2021-04-20 11:32:25;04000155;70
1;AS01;10.120.10.194;2021-04-20 11:55:13;04032488;70
1;AS01;10.120.10.195;2021-04-21 10:49:53;01024319;20
1;AS01;10.120.10.195;2021-04-21 11:40:44;01435381;20
1;AS01;10.120.10.198;2021-04-21 10:10:28;01020368;20
1;AS01;10.120.10.200;2021-04-15 11:17:51;01012339;20
1;AS01;10.120.10.200;2021-04-15 11:34:27;01025232;20
1;AS01;10.120.10.201;2021-04-01 16:14:35;02020755;40
1;AS01;10.120.10.202;2021-04-10 10:15:56;00043793;1
1;AS01;10.120.10.204;2021-04-08 13:17:04;03049480;66
1;AS01;10.120.10.204;2021-04-08 13:18:02;03051242;66
1;AS01;10.120.10.204;2021-04-12 13:00:48;01011595;24
1;AS01;10.120.10.204;2021-04-12 15:09:29;01084311;22
1;AS01;10.120.10.204;2021-04-12 15:10:49;01155721;22
1;AS01;10.120.10.205;2021-04-13 12:10:56;03052666;66
1;AS01;10.120.10.205;2021-04-19 10:12:39;03053366;60
1;AS01;10.120.10.207;2021-04-22 15:34:47;01152071;44
1;AS01;10.120.10.26;2021-04-08 17:43:55;03041592;64
1;AS01;10.120.10.30;2021-04-15 08:44:57;04025010;73
1;AS01;10.120.10.30;2021-04-15 09:08:35;04123874;73
1;AS01;10.120.10.30;2021-04-15 09:27:34;04045017;73
1;AS01;10.120.10.30;2021-04-15 09:38:06;00375465;73
1;AS01;10.120.10.30;2021-04-15 09:48:51;04105682;73
1;AS01;10.120.10.30;2021-04-15 09:51:41;04002028;73
1;AS01;10.120.10.30;2021-04-15 17:05:05;03282375;67
1;AS01;10.120.10.31;2021-04-20 18:06:43;04093355;43
1;AS01;10.120.10.64;2021-04-08 09:00:16;03031941;61
1;AS01;10.120.10.64;2021-04-08 09:02:19;03031716;61
1;AS01;10.120.10.64;2021-04-08 09:27:33;03295659;68
1;AS01;10.120.10.64;2021-04-08 09:29:53;3280087;68
1;AS01;10.120.10.64;2021-04-08 09:30:23;3076774;68
1;AS01;10.120.10.64;2021-04-08 09:49:21;03285163;68
1;AS01;10.120.10.64;2021-04-16 11:18:16;03009432;61
1;AS01;10.120.10.64;2021-04-16 11:21:09;03027494;61
1;AS01;10.120.10.66;2021-04-12 10:06:57;03153862;68
1;AS01;10.120.10.67;2021-04-01 11:04:14;03001604;61
1;AS01;10.120.10.68;2021-04-21 09:40:40;03287416;60
1;AS01;10.120.10.68;2021-04-21 10:28:40;03004937;60
1;AS01;10.120.10.82;2021-04-20 12:34:16;03058595;63
1;AS01;10.120.10.83;2021-04-09 12:46:26;1017124;44
1;AS01;10.120.10.83;2021-04-09 12:47:59;2703903;44
1;AS01;10.120.10.83;2021-04-09 12:49:26;2703903;44
1;AS01;10.120.10.83;2021-04-09 12:49:46;2716206;44
1;AS01;10.120.10.83;2021-04-09 12:53:29;2704026;44
1;AS01;10.120.10.83;2021-04-09 13:11:41;00026090;1
1;AS01;10.120.10.83;2021-04-19 12:01:13;03294581;63
1;AS01;10.120.10.83;2021-04-19 12:37:01;03016064;63
1;AS01;10.120.10.84;2021-04-06 16:13:11;01020123;24
1;AS01;10.120.10.84;2021-04-06 16:37:30;01027827;24
1;AS01;10.120.10.84;2021-04-06 16:38:56;01021887;24
1;AS01;10.120.10.84;2021-04-06 16:47:29;01016992;24
1;AS01;10.120.10.84;2021-04-06 16:48:59;01016546;24
1;AS01;10.120.10.84;2021-04-06 16:52:26;01009201;24
1;AS01;10.120.10.84;2021-04-06 16:54:18;00014336;24
1;AS01;10.120.10.84;2021-04-06 16:57:05;01023855;24
1;AS01;10.120.10.87;2021-04-09 16:19:48;00341480;48
1;AS01;10.120.10.87;2021-04-09 16:51:18;01042402;48
1;AS01;10.120.10.87;2021-04-09 17:28:54;00341412;48
1;AS01;10.120.10.87;2021-04-09 17:38:50;00370013;48
1;AS01;10.120.10.87;2021-04-09 17:53:03;00351435;48
1;AS01;10.120.10.87;2021-04-09 17:54:12;00301921;48
1;AS01;10.120.10.87;2021-04-09 17:54:47;00319813;48
1;AS01;10.120.10.87;2021-04-09 18:14:19;01034342;48
1;AS01;10.120.10.87;2021-04-09 18:37:29;1049513;48
1;AS01;10.120.10.87;2021-04-13 11:14:29;03258111;68
1;AS01;10.120.10.87;2021-04-13 11:15:36;03050609;68
1;AS01;10.120.10.88;2021-04-20 17:01:48;2702259;40
1;AS01;10.120.11.100;2021-04-09 10:10:46;292400;0
1;AS01;10.120.11.100;2021-04-10 09:56:48;00303054;40
1;AS01;10.120.11.100;2021-04-10 09:57:51;00350486;48
1;AS01;10.120.11.100;2021-04-10 10:14:09;2002788;40
1;AS01;10.120.11.100;2021-04-10 10:27:17;02705909;40
1;AS01;10.120.11.100;2021-04-10 10:28:54;02705909;40
1;AS01;10.120.11.100;2021-04-10 11:01:28;2008370;40
1;AS01;10.120.11.103;2021-04-08 09:26:39;01026820;22
1;AS01;10.120.11.103;2021-04-08 10:14:46;01004858;22
1;AS01;10.120.11.103;2021-04-08 10:20:55;01151763;22
1;AS01;10.120.11.103;2021-04-08 10:22:52;00378737;22
1;AS01;10.120.11.103;2021-04-08 10:30:35;01007340;22
1;AS01;10.120.11.103;2021-04-08 10:32:05;01007340;22
1;AS01;10.120.11.103;2021-04-08 10:43:44;01011232;22
1;AS01;10.120.11.103;2021-04-08 10:51:38;01019894;22
1;AS01;10.120.11.103;2021-04-08 11:00:23;01035048;22
1;AS01;10.120.11.103;2021-04-08 13:50:30;01121465;20
1;AS01;10.120.11.103;2021-04-08 13:52:52;01019961;24
1;AS01;10.120.11.103;2021-04-14 10:51:40;00420759;61
1;AS01;10.120.11.103;2021-04-14 10:54:09;00420764;61
1;AS01;10.120.11.103;2021-04-14 10:57:54;00420756;61
1;AS01;10.120.11.104;2021-04-09 08:53:11;03015793;61
1;AS01;10.120.11.104;2021-04-09 09:10:45;03026228;61
1;AS01;10.120.11.104;2021-04-12 15:49:36;00025148;24
1;AS01;10.120.11.104;2021-04-12 15:54:38;25147;24
1;AS01;10.120.11.105;2021-04-08 08:29:09;01015019;48
1;AS01;10.120.11.115;2021-04-02 09:24:03;03030232;61
1;AS01;10.120.11.115;2021-04-16 08:56:19;01436023;30
1;AS01;10.120.11.115;2021-04-16 09:00:26;01006795;21
1;AS01;10.120.11.115;2021-04-16 09:00:51;1066871;21
1;AS01;10.120.11.115;2021-04-16 09:02:51;1066871;21
1;AS01;10.120.11.115;2021-04-16 09:08:24;01019436;20
1;AS01;10.120.11.116;2021-04-08 13:08:21;285938;3
1;AS01;10.120.11.118;2021-04-15 12:54:03;00446636;50
1;AS01;10.120.11.121;2021-04-08 16:01:39;03051568;64
1;AS01;10.120.11.121;2021-04-08 16:08:15;03051568;64
1;AS01;10.120.11.121;2021-04-08 18:08:09;02720024;62
1;AS01;10.120.11.121;2021-04-16 16:54:56;00022379;1
1;AS01;10.120.11.122;2021-04-15 16:45:38;00047979;1
1;AS01;10.120.11.122;2021-04-15 16:59:06;00002191;0
1;AS01;10.120.11.122;2021-04-15 17:14:21;00279575;2
1;AS01;10.120.11.122;2021-04-15 17:22:36;00028941;5
1;AS01;10.120.11.122;2021-04-15 17:44:10;00290910;2
1;AS01;10.120.11.122;2021-04-15 18:04:04;00028550;2
1;AS01;10.120.11.123;2021-04-08 16:48:29;1019852;22
1;AS01;10.120.11.123;2021-04-08 16:52:55;01007417;26
1;AS01;10.120.11.123;2021-04-13 09:53:50;03292550;30
1;AS01;10.120.11.123;2021-04-13 09:55:13;01150896;20
1;AS01;10.120.11.123;2021-04-13 10:29:35;01004170;20
1;AS01;10.120.11.123;2021-04-13 10:30:51;01120111;20
1;AS01;10.120.11.123;2021-04-13 10:31:58;01120112;20
1;AS01;10.120.11.123;2021-04-13 10:32:55;01131643;20
1;AS01;10.120.11.123;2021-04-13 10:33:52;00295916;20
1;AS01;10.120.11.123;2021-04-13 10:34:45;00317483;20
1;AS01;10.120.11.123;2021-04-13 10:37:35;00367833;70
1;AS01;10.120.11.123;2021-04-13 10:56:28;01020703;20
1;AS01;10.120.11.123;2021-04-13 10:59:05;01009871;20
1;AS01;10.120.11.123;2021-04-13 11:11:47;01004869;20
1;AS01;10.120.11.123;2021-04-13 11:16:44;01435352;20
1;AS01;10.120.11.123;2021-04-13 11:17:40;01071518;20
1;AS01;10.120.11.123;2021-04-13 11:45:42;01027306;20
1;AS01;10.120.11.123;2021-04-13 11:47:34;01018415;20
1;AS01;10.120.11.123;2021-04-13 11:48:52;01024466;25
1;AS01;10.120.11.123;2021-04-13 11:50:35;01025222;25
1;AS01;10.120.11.123;2021-04-13 11:51:44;01000629;20
1;AS01;10.120.11.123;2021-04-13 11:52:50;01016886;20
1;AS01;10.120.11.123;2021-04-13 11:56:20;01028180;20
1;AS01;10.120.11.123;2021-04-13 12:13:46;01135701;20
1;AS01;10.120.11.123;2021-04-13 12:16:06;01435620;20
1;AS01;10.120.11.123;2021-04-13 12:27:55;01116646;48
1;AS01;10.120.11.123;2021-04-13 12:28:55;01007457;20
1;AS01;10.120.11.123;2021-04-13 12:29:57;01000998;20
1;AS01;10.120.11.123;2021-04-13 12:31:05;01076082;20
1;AS01;10.120.11.123;2021-04-13 12:32:44;01060218;20
1;AS01;10.120.11.123;2021-04-13 12:33:47;01001820;20
1;AS01;10.120.11.123;2021-04-13 12:36:09;01001819;20
1;AS01;10.120.11.123;2021-04-13 12:37:44;21003217;20
1;AS01;10.120.11.123;2021-04-13 12:40:36;01005159;20
1;AS01;10.120.11.123;2021-04-13 12:41:38;01019422;20
1;AS01;10.120.11.123;2021-04-13 12:43:45;01024332;20
1;AS01;10.120.11.123;2021-04-13 12:44:49;01002437;20
1;AS01;10.120.11.123;2021-04-13 13:03:11;21003220;20
1;AS01;10.120.11.123;2021-04-13 13:03:54;01026983;20
1;AS01;10.120.11.123;2021-04-13 13:05:25;01030170;20
1;AS01;10.120.11.123;2021-04-13 13:06:27;01138129;20
1;AS01;10.120.11.123;2021-04-13 15:45:42;01007457;20
1;AS01;10.120.11.123;2021-04-13 15:47:10;01003360;20
1;AS01;10.120.11.123;2021-04-13 16:12:57;401321;20
1;AS01;10.120.11.123;2021-04-20 15:22:28;02028638;40
1;AS01;10.120.11.123;2021-04-20 17:52:17;02000407;40
1;AS01;10.120.11.123;2021-04-20 17:55:23;02017102;40
1;AS01;10.120.11.123;2021-04-20 17:56:14;02017103;40
1;AS01;10.120.11.123;2021-04-20 18:01:33;2014160;40
1;AS01;10.120.11.124;2021-04-07 08:38:23;03030232;61
1;AS01;10.120.11.124;2021-04-07 08:47:02;03019231;61
1;AS01;10.120.11.124;2021-04-07 09:37:35;03022943;61
1;AS01;10.120.11.124;2021-04-07 09:38:39;3296506;61
1;AS01;10.120.11.124;2021-04-07 13:22:51;03001821;61
1;AS01;10.120.11.124;2021-04-07 16:52:46;03048208;61
1;AS01;10.120.11.124;2021-04-07 18:11:20;03049589;61
1;AS01;10.120.11.126;2021-04-09 12:11:01;03668310;63
1;AS01;10.120.11.126;2021-04-09 15:13:01;03037025;63
1;AS01;10.120.11.126;2021-04-09 15:14:32;03003398;63
1;AS01;10.120.11.126;2021-04-16 10:34:53;04002386;70
1;AS01;10.120.11.126;2021-04-16 10:44:05;04111135;70
1;AS01;10.120.11.126;2021-04-16 10:58:01;04003177;70
1;AS01;10.120.11.126;2021-04-16 10:59:24;04012148;70
1;AS01;10.120.11.126;2021-04-16 11:00:26;04012148;70
1;AS01;10.120.11.126;2021-04-16 11:09:51;04010008;70
1;AS01;10.120.11.126;2021-04-16 11:12:10;04002181;70
1;AS01;10.120.11.126;2021-04-16 11:21:19;4001300;70
1;AS01;10.120.11.126;2021-04-16 11:34:24;04008539;70
1;AS01;10.120.11.126;2021-04-16 11:37:54;04048649;70
1;AS01;10.120.11.126;2021-04-16 12:07:56;04015503;70
1;AS01;10.120.11.126;2021-04-16 12:10:11;04110918;70
1;AS01;10.120.11.126;2021-04-16 12:45:04;04101809;70
1;AS01;10.120.11.128;2021-04-16 09:38:53;03048178;61
1;AS01;10.120.11.128;2021-04-16 11:23:44;03281190;61
1;AS01;10.120.11.128;2021-04-16 11:24:55;03281325;61
1;AS01;10.120.11.129;2021-04-26 17:51:06;00323534;40
1;AS01;10.120.11.130;2021-04-07 16:36:16;03029380;61
1;AS01;10.120.11.130;2021-04-07 17:33:41;03029689;61
1;AS01;10.120.11.130;2021-04-07 17:35:36;03285238;61
1;AS01;10.120.11.130;2021-04-07 17:41:22;03047775;61
1;AS01;10.120.11.130;2021-04-07 17:43:06;03000963;61
1;AS01;10.120.11.130;2021-04-07 17:52:44;03006759;61
1;AS01;10.120.11.130;2021-04-07 17:59:18;03001203;61
1;AS01;10.120.11.130;2021-04-07 18:07:14;03008195;61
1;AS01;10.120.11.130;2021-04-07 18:12:22;03002292;61
1;AS01;10.120.11.130;2021-04-07 18:19:17;03033293;61
1;AS01;10.120.11.130;2021-04-07 18:34:10;03285711;61
1;AS01;10.120.11.130;2021-04-07 18:40:20;3282748;61
1;AS01;10.120.11.130;2021-04-07 19:02:42;03013351;61
1;AS01;10.120.11.131;2021-04-09 09:01:12;03006410;60
1;AS01;10.120.11.131;2021-04-09 10:26:38;03010188;60
1;AS01;10.120.11.131;2021-04-09 10:30:40;03273063;60
1;AS01;10.120.11.131;2021-04-09 10:44:58;03279208;60
1;AS01;10.120.11.131;2021-04-09 10:50:32;03286366;60
1;AS01;10.120.11.131;2021-04-09 11:58:04;3170736;60
1;AS01;10.120.11.131;2021-04-09 13:04:54;03283197;60
1;AS01;10.120.11.131;2021-04-09 14:57:33;03282226;60
1;AS01;10.120.11.131;2021-04-09 14:58:29;03289996;60
1;AS01;10.120.11.131;2021-04-09 15:48:59;03031573;60
1;AS01;10.120.11.131;2021-04-09 15:54:56;00448502;60
1;AS01;10.120.11.131;2021-04-09 16:45:28;03039791;60
1;AS01;10.120.11.131;2021-04-09 16:56:18;03115992;60
1;AS01;10.120.11.135;2021-04-08 13:10:30;02020755;40
1;AS01;10.120.11.135;2021-04-20 11:31:21;03011736;61
1;AS01;10.120.11.135;2021-04-20 11:47:49;03014786;61
1;AS01;10.120.11.135;2021-04-20 12:08:32;03040601;61
1;AS01;10.120.11.135;2021-04-20 12:50:30;03036906;61
1;AS01;10.120.11.135;2021-04-20 12:51:38;03027404;61
1;AS01;10.120.11.135;2021-04-20 12:52:03;03027404;61
1;AS01;10.120.11.139;2021-04-09 13:54:40;03018199;61
1;AS01;10.120.11.140;2021-04-08 15:47:43;00302638;35
1;AS01;10.120.11.140;2021-04-08 17:42:04;01157843;35
1;AS01;10.120.11.140;2021-04-08 17:46:54;00313982;35
1;AS01;10.120.11.140;2021-04-08 18:27:04;405975;35
1;AS01;10.120.11.140;2021-04-12 09:05:35;03266306;61
1;AS01;10.120.11.140;2021-04-12 11:32:31;03019953;61
1;AS01;10.120.11.140;2021-04-12 15:33:18;03029361;61
1;AS01;10.120.11.140;2021-04-12 17:29:10;03011768;61
1;AS01;10.120.11.140;2021-04-12 17:55:06;03025397;61
1;AS01;10.120.11.140;2021-04-12 18:18:20;03048542;61
1;AS01;10.120.11.140;2021-04-12 18:19:07;03026245;61
1;AS01;10.120.11.140;2021-04-12 18:25:05;03291067;61
1;AS01;10.120.11.140;2021-04-12 18:27:03;03138629;63
1;AS01;10.120.11.140;2021-04-12 18:39:55;03024680;61
1;AS01;10.120.11.156;2021-04-20 10:07:19;04024435;71
1;AS01;10.120.11.157;2021-04-07 17:18:13;03036001;60
1;AS01;10.120.11.157;2021-04-07 17:21:47;03268801;60
1;AS01;10.120.11.157;2021-04-07 17:25:10;03030891;60
1;AS01;10.120.11.157;2021-04-07 17:34:10;03027500;60
1;AS01;10.120.11.157;2021-04-07 17:37:24;03021197;60
1;AS01;10.120.11.157;2021-04-07 17:40:32;03268424;60
1;AS01;10.120.11.157;2021-04-07 17:50:46;03032322;60
1;AS01;10.120.11.157;2021-04-07 18:06:52;03015891;60
1;AS01;10.120.11.157;2021-04-07 18:09:56;03288433;60
1;AS01;10.120.11.157;2021-04-07 18:14:41;02018089;60
1;AS01;10.120.11.157;2021-04-07 18:28:47;03031743;60
1;AS01;10.120.11.157;2021-04-07 18:29:51;03106978;60
1;AS01;10.120.11.157;2021-04-07 18:31:04;03018806;68
1;AS01;10.120.11.157;2021-04-07 18:32:03;03059489;60
1;AS01;10.120.11.157;2021-04-07 18:35:27;03283923;60
1;AS01;10.120.11.157;2021-04-07 18:37:22;03283523;60
1;AS01;10.120.11.157;2021-04-23 09:16:58;01034357;20
1;AS01;10.120.11.158;2021-04-12 10:35:41;03029528;61
1;AS01;10.120.11.158;2021-04-12 11:03:10;03279320;61
1;AS01;10.120.11.158;2021-04-12 11:45:12;03270602;61
1;AS01;10.120.11.158;2021-04-12 11:49:35;03270602;61
1;AS01;10.120.11.158;2021-04-12 16:36:46;03001604;61
1;AS01;10.120.11.158;2021-04-12 16:42:21;03151677;61
1;AS01;10.120.11.158;2021-04-12 17:10:27;03032766;61
1;AS01;10.120.11.158;2021-04-12 17:35:56;03182102;60
1;AS01;10.120.11.158;2021-04-12 17:50:51;03013261;61
1;AS01;10.120.11.158;2021-04-12 17:56:46;3013262;61
1;AS01;10.120.11.158;2021-04-12 18:11:35;3039375;61
1;AS01;10.120.11.158;2021-04-12 18:16:52;03024381;61
1;AS01;10.120.11.158;2021-04-12 18:24:52;00450327;61
1;AS01;10.120.11.158;2021-04-12 18:30:30;00450327;61
1;AS01;10.120.11.158;2021-04-12 19:05:24;03011472;61
1;AS01;10.120.11.161;2021-04-08 17:32:39;00278264;51
1;AS01;10.120.11.161;2021-04-08 17:45:40;00284098;51
1;AS01;10.120.11.161;2021-04-09 17:15:20;00259001;9
1;AS01;10.120.11.161;2021-04-09 17:49:17;00372163;9
1;AS01;10.120.11.161;2021-04-09 17:59:29;21000543;9
1;AS01;10.120.11.161;2021-04-09 18:16:09;00036317;9
1;AS01;10.120.11.161;2021-04-09 18:22:55;00219321;9
1;AS01;10.120.11.161;2021-04-09 18:31:56;00254678;9
1;AS01;10.120.11.161;2021-04-09 18:42:26;00259000;9
1;AS01;10.120.11.161;2021-04-09 18:55:50;00035915;1
1;AS01;10.120.11.161;2021-04-09 19:09:04;00023866;3
1;AS01;10.120.11.161;2021-04-12 15:42:24;00012795;0
1;AS01;10.120.11.161;2021-04-12 15:43:16;00301819;1
1;AS01;10.120.11.161;2021-04-12 15:43:59;00012797;0
1;AS01;10.120.11.162;2021-04-01 16:17:27;03019411;68
1;AS01;10.120.11.163;2021-04-14 16:40:33;01152296;33
1;AS01;10.120.11.163;2021-04-15 10:01:15;04032488;70
1;AS01;10.120.11.163;2021-04-15 10:51:04;03288636;70
1;AS01;10.120.11.163;2021-04-15 11:04:52;04094955;70
1;AS01;10.120.11.163;2021-04-15 11:06:53;04110839;70
1;AS01;10.120.11.163;2021-04-15 12:16:39;04119482;76
1;AS01;10.120.11.163;2021-04-15 13:12:39;04008634;76
1;AS01;10.120.11.163;2021-04-15 13:22:04;04069346;76
1;AS01;10.120.11.163;2021-04-15 14:46:55;04007444;71
1;AS01;10.120.11.163;2021-04-15 14:48:36;04011904;71
1;AS01;10.120.11.164;2021-04-07 13:03:04;03279797;60
1;AS01;10.120.11.164;2021-04-07 13:17:20;00414250;60
1;AS01;10.120.11.164;2021-04-07 13:40:36;03290985;60
1;AS01;10.120.11.164;2021-04-07 14:29:10;03034956;60
1;AS01;10.120.11.164;2021-04-07 14:29:52;03034955;60
1;AS01;10.120.11.164;2021-04-07 14:33:13;03034955;60
1;AS01;10.120.11.164;2021-04-07 15:14:50;03035241;60
1;AS01;10.120.11.164;2021-04-07 17:10:49;03273644;60
1;AS01;10.120.11.164;2021-04-07 18:07:43;03273214;60
1;AS01;10.120.11.164;2021-04-07 18:17:50;03123595;60
1;AS01;10.120.11.164;2021-04-07 18:26:06;03278534;60
1;AS01;10.120.11.164;2021-04-07 18:29:53;03114217;60
1;AS01;10.120.11.164;2021-04-07 18:31:26;3037732;60
1;AS01;10.120.11.164;2021-04-07 18:37:20;03031801;60
1;AS01;10.120.11.164;2021-04-07 18:39:50;03018703;60
1;AS01;10.120.11.165;2021-04-12 17:38:28;03113080;61
1;AS01;10.120.11.165;2021-04-12 17:41:44;03010898;61
1;AS01;10.120.11.165;2021-04-12 17:55:51;03030332;61
1;AS01;10.120.11.165;2021-04-12 18:19:52;03044477;61
1;AS01;10.120.11.165;2021-04-12 18:32:47;00409868;61
1;AS01;10.120.11.165;2021-04-12 18:44:21;03276318;61
1;AS01;10.120.11.165;2021-04-12 19:14:49;03051148;61
1;AS01;10.120.11.166;2021-04-22 08:32:33;01107915;20
1;AS01;10.120.11.166;2021-04-22 09:09:32;01435355;20
1;AS01;10.120.11.166;2021-04-22 09:32:07;01436625;20
1;AS01;10.120.11.166;2021-04-22 11:44:00;00300280;20
1;AS01;10.120.11.166;2021-04-22 12:40:40;01000235;20
1;AS01;10.120.11.166;2021-04-22 14:58:28;01000251;20
1;AS01;10.120.11.166;2021-04-22 14:59:37;01019579;20
1;AS01;10.120.11.167;2021-04-08 09:55:06;01155809;35
1;AS01;10.120.11.167;2021-04-08 10:58:52;01015186;21
1;AS01;10.120.11.167;2021-04-08 11:39:04;01024859;25
1;AS01;10.120.11.167;2021-04-08 12:06:01;00144620;0
1;AS01;10.120.11.167;2021-04-08 12:09:57;268861;3
1;AS01;10.120.11.167;2021-04-08 12:11:14;306821;20
1;AS01;10.120.11.167;2021-04-08 14:11:35;01019961;24
1;AS01;10.120.11.167;2021-04-08 17:41:24;01079384;24
1;AS01;10.120.11.168;2021-04-07 09:33:59;00340169;1
1;AS01;10.120.11.168;2021-04-07 11:39:00;00261844;1
1;AS01;10.120.11.168;2021-04-07 12:00:26;00031158;1
1;AS01;10.120.11.168;2021-04-07 12:22:36;00266682;1
1;AS01;10.120.11.168;2021-04-07 12:40:36;00014025;1
1;AS01;10.120.11.168;2021-04-07 12:48:04;00125095;3
1;AS01;10.120.11.168;2021-04-07 15:32:30;03057401;60
1;AS01;10.120.11.168;2021-04-24 17:06:48;01019391;24
1;AS01;10.120.11.171;2021-04-13 11:07:29;03036872;68
1;AS01;10.120.11.171;2021-04-13 18:00:55;03055365;60
1;AS01;10.120.11.172;2021-04-21 12:53:40;03302240;57
1;AS01;10.120.11.172;2021-04-21 12:59:16;1095573;57
1;AS01;10.120.11.173;2021-04-07 16:28:01;00008547;0
1;AS01;10.120.11.175;2021-04-08 15:26:21;00313100;36
1;AS01;10.120.11.175;2021-04-19 08:15:33;322596;20
1;AS01;10.120.11.175;2021-04-19 08:16:04;1130185;20
1;AS01;10.120.11.175;2021-04-19 08:16:30;01020281;20
1;AS01;10.120.11.175;2021-04-19 09:35:13;01011407;20
1;AS01;10.120.11.175;2021-04-19 09:46:55;01435703;25
1;AS01;10.120.11.175;2021-04-19 09:54:29;01000273;20
1;AS01;10.120.11.175;2021-04-19 09:55:47;01000464;20
1;AS01;10.120.11.175;2021-04-19 09:56:56;01007295;20
1;AS01;10.120.11.175;2021-04-19 09:57:58;01014194;20
1;AS01;10.120.11.175;2021-04-19 09:58:37;01014194;20
1;AS01;10.120.11.175;2021-04-19 10:00:27;01019913;20
1;AS01;10.120.11.175;2021-04-19 10:01:13;1020228;20
1;AS01;10.120.11.175;2021-04-19 10:01:45;01435768;20
1;AS01;10.120.11.175;2021-04-19 10:09:29;01145425;20
1;AS01;10.120.11.175;2021-04-19 10:11:16;01081016;20
1;AS01;10.120.11.175;2021-04-19 10:13:09;01130538;20
1;AS01;10.120.11.175;2021-04-19 10:17:39;01081017;20
1;AS01;10.120.11.175;2021-04-19 10:25:57;01435381;20
1;AS01;10.120.11.175;2021-04-19 10:37:55;01002624;20
1;AS01;10.120.11.175;2021-04-19 10:39:27;01007680;20
1;AS01;10.120.11.175;2021-04-19 10:43:04;01154656;20
1;AS01;10.120.11.175;2021-04-19 10:44:42;01666679;20
1;AS01;10.120.11.175;2021-04-19 11:05:19;01019400;20
1;AS01;10.120.11.175;2021-04-19 11:06:13;01001099;20
1;AS01;10.120.11.175;2021-04-19 11:20:24;01010571;20
1;AS01;10.120.11.175;2021-04-19 11:25:02;01054272;20
1;AS01;10.120.11.175;2021-04-19 11:49:24;01054272;20
1;AS01;10.120.11.175;2021-04-19 11:50:17;01010472;20
1;AS01;10.120.11.175;2021-04-19 12:09:51;01127253;20
1;AS01;10.120.11.176;2021-04-16 16:35:10;01027170;23
1;AS01;10.120.11.177;2021-04-14 14:42:42;00446636;50
1;AS01;10.120.11.177;2021-04-20 16:54:25;03281067;68
1;AS01;10.120.11.178;2021-04-01 12:36:08;03272270;60
1;AS01;10.120.11.178;2021-04-08 18:05:57;01014169;23
1;AS01;10.120.11.178;2021-04-15 09:20:30;01000031;20
1;AS01;10.120.11.180;2021-04-12 11:58:14;03040660;63
1;AS01;10.120.11.182;2021-04-01 15:30:42;03041226;62
1;AS01;10.120.11.183;2021-04-08 08:03:57;03135110;63
1;AS01;10.120.11.183;2021-04-08 08:04:15;03135108;63
1;AS01;10.120.11.183;2021-04-08 08:16:41;03006807;63
1;AS01;10.120.11.184;2021-04-09 10:48:49;01022157;24
1;AS01;10.120.11.184;2021-04-09 10:53:30;01666837;24
1;AS01;10.120.11.184;2021-04-15 15:22:22;03041928;64
1;AS01;10.120.11.186;2021-04-14 15:24:38;03022143;62
1;AS01;10.120.11.187;2021-04-08 08:59:27;3031941;61
1;AS01;10.120.11.187;2021-04-08 09:02:03;3031716;61
1;AS01;10.120.11.187;2021-04-08 09:32:58;411879;68
1;AS01;10.120.11.187;2021-04-08 09:33:18;411879;68
1;AS01;10.120.11.187;2021-04-08 09:34:16;418130;68
1;AS01;10.120.11.187;2021-04-08 09:35:43;3173822;68
1;AS01;10.120.11.187;2021-04-08 09:36:51;3076774;68
1;AS01;10.120.11.187;2021-04-08 09:38:12;3280087;68
1;AS01;10.120.11.187;2021-04-08 11:00:38;3062739;68
1;AS01;10.120.11.187;2021-04-08 11:10:57;3062739;68
1;AS01;10.120.11.187;2021-04-08 15:24:40;3286178;62
1;AS01;10.120.11.189;2021-04-08 09:15:05;00357056;36
1;AS01;10.120.11.189;2021-04-08 13:16:27;01112184;36
1;AS01;10.120.11.189;2021-04-08 13:24:52;01112184;36
1;AS01;10.120.11.189;2021-04-08 13:25:43;01112184;36
1;AS01;10.120.11.189;2021-04-08 13:29:26;00319973;36
1;AS01;10.120.11.189;2021-04-08 13:31:27;01003492;36
1;AS01;10.120.11.189;2021-04-08 14:38:44;01003492;36
1;AS01;10.120.11.189;2021-04-08 14:45:16;00319973;36
1;AS01;10.120.11.189;2021-04-08 14:51:53;01112184;36
1;AS01;10.120.11.189;2021-04-08 15:28:26;00302857;36
1;AS01;10.120.11.189;2021-04-08 15:32:20;00303306;36
1;AS01;10.120.11.189;2021-04-08 15:36:09;04076158;36
1;AS01;10.120.11.189;2021-04-08 15:38:44;01100914;36
1;AS01;10.120.11.189;2021-04-08 15:42:16;01073349;36
1;AS01;10.120.11.189;2021-04-08 15:46:37;01134215;36
1;AS01;10.120.11.191;2021-04-22 16:59:09;00018958;2
1;AS01;10.120.11.191;2021-04-22 17:07:04;00266025;2
1;AS01;10.120.11.191;2021-04-22 17:12:31;00290915;2
1;AS01;10.120.11.191;2021-04-22 17:52:41;00106708;5
1;AS01;10.120.11.191;2021-04-22 18:16:20;00029759;2
1;AS01;10.120.11.192;2021-04-23 14:05:55;03292550;30
1;AS01;10.120.11.193;2021-04-06 10:29:49;00111175;3
1;AS01;10.120.11.193;2021-04-06 10:32:43;00046960;0
1;AS01;10.120.11.193;2021-04-06 10:39:27;00145771;2
1;AS01;10.120.11.193;2021-04-06 10:41:19;00231538;3
1;AS01;10.120.11.193;2021-04-06 10:42:14;00047068;3
1;AS01;10.120.11.193;2021-04-06 11:32:25;00033630;1
1;AS01;10.120.11.193;2021-04-06 11:33:13;00033630;1
1;AS01;10.120.11.193;2021-04-06 11:38:18;00286234;24
1;AS01;10.120.11.193;2021-04-06 11:44:21;01021826;20
1;AS01;10.120.11.193;2021-04-13 10:44:02;03285184;60
1;AS01;10.120.11.193;2021-04-13 10:45:06;03285381;60
1;AS01;10.120.11.193;2021-04-13 10:51:13;03034203;60
1;AS01;10.120.11.193;2021-04-13 10:52:27;03021807;60
1;AS01;10.120.11.193;2021-04-13 11:21:15;03051208;60
1;AS01;10.120.11.193;2021-04-13 15:35:01;03019411;68
1;AS01;10.120.11.193;2021-04-13 18:28:35;03056069;60
1;AS01;10.120.11.196;2021-04-13 08:59:53;01016078;25
1;AS01;10.120.11.196;2021-04-13 09:07:31;01133736;25
1;AS01;10.120.11.196;2021-04-13 09:08:55;04092399;70
1;AS01;10.120.11.196;2021-04-13 09:12:47;04093725;70
1;AS01;10.120.11.196;2021-04-13 10:09:40;01002252;20
1;AS01;10.120.11.196;2021-04-13 10:14:17;01666960;20
1;AS01;10.120.11.196;2021-04-13 10:27:19;01008518;20
1;AS01;10.120.11.196;2021-04-15 11:16:34;00441241;44
1;AS01;10.120.11.196;2021-04-15 11:23:01;02713253;44
1;AS01;10.120.11.196;2021-04-15 11:27:01;02712030;44
1;AS01;10.120.11.196;2021-04-15 11:31:45;00379254;44
1;AS01;10.120.11.196;2021-04-15 11:32:48;00338884;44
1;AS01;10.120.11.196;2021-04-15 11:34:03;00330300;44
1;AS01;10.120.11.196;2021-04-15 11:52:22;00320085;44
1;AS01;10.120.11.196;2021-04-15 11:59:10;00338879;44
1;AS01;10.120.11.196;2021-04-15 12:00:36;01150169;23
1;AS01;10.120.11.196;2021-04-15 12:02:52;00317509;44
1;AS01;10.120.11.196;2021-04-15 12:04:06;02704865;44
1;AS01;10.120.11.196;2021-04-15 12:26:55;02800354;44
1;AS01;10.120.11.196;2021-04-15 12:28:02;00327577;44
1;AS01;10.120.11.196;2021-04-15 17:56:46;00351523;44
1;AS01;10.120.11.196;2021-04-15 18:59:29;00344832;44
1;AS01;10.120.11.196;2021-04-15 19:17:13;00341572;44
1;AS01;10.120.11.197;2021-04-06 09:35:56;00371419;70
1;AS01;10.120.11.197;2021-04-07 11:14:29;03135747;63
1;AS01;10.120.11.197;2021-04-07 11:29:52;03009529;63
1;AS01;10.120.11.197;2021-04-07 11:33:26;03294615;63
1;AS01;10.120.11.197;2021-04-07 11:40:44;03016622;63
1;AS01;10.120.11.197;2021-04-07 11:41:53;03016623;63
1;AS01;10.120.11.197;2021-04-07 11:53:14;03030180;63
1;AS01;10.120.11.197;2021-04-07 12:12:42;03048269;63
1;AS01;10.120.11.197;2021-04-07 12:28:24;03003574;63
1;AS01;10.120.11.197;2021-04-07 16:13:04;03293656;63
1;AS01;10.120.11.197;2021-04-07 16:14:16;03046260;63
1;AS01;10.120.11.197;2021-04-07 16:15:31;03007616;63
1;AS01;10.120.11.197;2021-04-14 15:41:22;3062290;67
1;AS01;10.120.11.198;2021-04-19 11:54:51;01132185;24
1;AS01;10.120.11.199;2021-04-22 08:38:01;03031842;60
1;AS01;10.120.11.199;2021-04-22 11:37:19;03004785;60
1;AS01;10.120.11.199;2021-04-22 17:48:28;03008870;60
1;AS01;10.120.11.202;2021-04-08 14:37:35;03030209;60
1;AS01;10.120.11.202;2021-04-08 14:38:42;3030209;60
1;AS01;10.120.11.202;2021-04-16 09:20:32;04036592;71
1;AS01;10.120.11.202;2021-04-16 16:57:56;00448071;40
1;AS01;10.120.11.202;2021-04-16 16:59:11;00392915;40
1;AS01;10.120.11.203;2021-04-14 16:11:45;00033831;1
1;AS01;10.120.11.203;2021-04-14 16:22:02;00021490;1
1;AS01;10.120.11.203;2021-04-14 17:07:43;00044053;1
1;AS01;10.120.11.205;2021-04-09 12:16:45;00282037;0
1;AS01;10.120.11.205;2021-04-09 14:57:45;00047206;4
1;AS01;10.120.11.205;2021-04-09 14:58:30;00282037;0
1;AS01;10.120.11.205;2021-04-09 14:59:42;00002724;4
1;AS01;10.120.11.205;2021-04-09 15:17:17;00030902;4
1;AS01;10.120.11.205;2021-04-09 15:22:01;00310111;4
1;AS01;10.120.11.205;2021-04-09 16:35:34;00305547;4
1;AS01;10.120.11.205;2021-04-09 16:37:00;00305734;4
1;AS01;10.120.11.206;2021-04-08 10:00:38;03042936;63
1;AS01;10.120.11.206;2021-04-08 11:57:35;03280315;63
1;AS01;10.120.11.206;2021-04-08 15:27:53;03021265;63
1;AS01;10.120.11.206;2021-04-14 11:52:53;03287365;60
1;AS01;10.120.11.207;2021-04-16 12:11:57;03289043;60
1;AS01;10.120.11.208;2021-04-20 12:11:47;00440169;20
1;AS01;10.120.11.208;2021-04-20 13:14:34;01032494;20
1;AS01;10.120.11.208;2021-04-20 13:15:23;01027241;20
1;AS01;10.120.11.208;2021-04-20 13:16:23;00008374;0
1;AS01;10.120.11.208;2021-04-20 13:17:25;00289435;0
1;AS01;10.120.11.208;2021-04-20 13:18:38;00292102;0
1;AS01;10.120.11.208;2021-04-20 13:42:30;01027339;21
1;AS01;10.120.11.208;2021-04-20 13:43:40;01027339;21
1;AS01;10.120.11.208;2021-04-20 13:48:39;01027661;20
1;AS01;10.120.11.208;2021-04-20 17:30:44;01150896;20
1;AS01;10.120.11.208;2021-04-21 16:56:16;01028823;20
1;AS01;10.120.11.208;2021-04-21 16:56:57;1139790;20
1;AS01;10.120.11.208;2021-04-21 16:57:35;01129658;20
1;AS01;10.120.11.208;2021-04-21 16:58:09;1128313;20
1;AS01;10.120.11.208;2021-04-21 16:58:41;1000514;20
1;AS01;10.120.11.208;2021-04-21 16:59:19;1143815;20
1;AS01;10.120.11.208;2021-04-21 16:59:56;1146013;20
1;AS01;10.120.11.208;2021-04-21 17:00:33;1134509;20
1;AS01;10.120.11.208;2021-04-21 17:01:48;01006676;20
1;AS01;10.120.11.208;2021-04-21 17:02:53;01001655;20
1;AS01;10.120.11.208;2021-04-21 17:03:44;01115250;20
1;AS01;10.120.11.208;2021-04-21 17:04:43;01011421;20
1;AS01;10.120.11.208;2021-04-21 17:05:36;01004604;20
1;AS01;10.120.11.208;2021-04-21 17:06:38;01002398;20
1;AS01;10.120.11.208;2021-04-21 17:07:48;01023903;20
1;AS01;10.120.11.208;2021-04-21 17:08:45;01014592;20
1;AS01;10.120.11.208;2021-04-21 17:09:43;01435567;20
1;AS01;10.120.11.208;2021-04-21 17:10:50;01001306;20
1;AS01;10.120.11.210;2021-04-14 10:02:17;03031370;62
1;AS01;10.120.11.212;2021-04-13 16:03:14;01021276;21
1;AS01;10.120.11.212;2021-04-13 16:07:33;01153627;21
1;AS01;10.120.11.212;2021-04-13 16:08:30;01008228;21
1;AS01;10.120.11.212;2021-04-13 16:10:16;01010099;21
1;AS01;10.120.11.212;2021-04-13 16:11:28;01022589;21
1;AS01;10.120.11.212;2021-04-13 16:12:35;01031262;21
1;AS01;10.120.11.212;2021-04-13 16:15:40;01436108;21
1;AS01;10.120.11.212;2021-04-13 16:16:30;01003210;21
1;AS01;10.120.11.212;2021-04-13 16:20:37;01015123;21
1;AS01;10.120.11.215;2021-04-07 11:11:42;03268807;61
1;AS01;10.120.11.215;2021-04-07 11:16:02;03268807;61
1;AS01;10.120.11.215;2021-04-07 12:26:38;03007930;62
1;AS01;10.120.11.215;2021-04-07 12:27:40;03143645;61
1;AS01;10.120.11.215;2021-04-07 13:03:50;21000743;63
1;AS01;10.120.11.215;2021-04-07 13:14:23;00411769;63
1;AS01;10.120.11.215;2021-04-07 15:18:04;03258270;63
1;AS01;10.120.11.215;2021-04-07 16:26:09;03054909;63
1;AS01;10.120.11.216;2021-04-13 11:01:47;00279151;53
1;AS01;10.120.11.216;2021-04-13 11:03:12;21002800;53
1;AS01;10.120.11.216;2021-04-13 11:04:49;21002791;53
1;AS01;10.120.11.216;2021-04-13 11:19:38;01086641;23
1;AS01;10.120.11.216;2021-04-13 11:20:36;00302589;23
1;AS01;10.120.11.216;2021-04-13 11:21:31;01029989;21
1;AS01;10.120.11.216;2021-04-13 11:22:24;01133315;21
1;AS01;10.120.11.217;2021-04-07 15:41:22;01011889;24
1;AS01;10.120.11.217;2021-04-07 15:42:41;01008182;21
1;AS01;10.120.11.217;2021-04-07 15:44:24;01008071;21
1;AS01;10.120.11.217;2021-04-07 15:52:11;01008071;21
1;AS01;10.120.11.217;2021-04-07 15:53:11;01025925;21
1;AS01;10.120.11.217;2021-04-07 15:56:09;01033367;21
1;AS01;10.120.11.217;2021-04-07 15:57:26;01143310;21
1;AS01;10.120.11.217;2021-04-07 15:58:31;01435508;21
1;AS01;10.120.11.217;2021-04-07 15:59:32;01041977;21
1;AS01;10.120.11.217;2021-04-07 16:01:15;01032962;21
1;AS01;10.120.11.217;2021-04-07 16:02:13;01008502;21
1;AS01;10.120.11.217;2021-04-07 16:06:01;01015123;21
1;AS01;10.120.11.217;2021-04-07 16:07:03;01028498;21
1;AS01;10.120.11.217;2021-04-07 16:07:59;01010421;21
1;AS01;10.120.11.217;2021-04-07 16:10:16;01155392;21
1;AS01;10.120.11.217;2021-04-07 17:02:23;01143310;21
1;AS01;10.120.11.217;2021-04-07 17:05:19;01041977;21
1;AS01;10.120.11.217;2021-04-07 17:12:52;01435531;21
1;AS01;10.120.11.217;2021-04-09 17:35:15;00450410;40
1;AS01;10.120.11.218;2021-04-08 17:42:16;01157843;35
1;AS01;10.120.11.218;2021-04-08 17:50:31;01157843;35
1;AS01;10.120.11.218;2021-04-08 17:58:17;01037909;35
1;AS01;10.120.11.218;2021-04-08 18:25:12;02024218;35
1;AS01;10.120.11.218;2021-04-08 18:59:23;01140483;35
1;AS01;10.120.11.218;2021-04-08 19:14:46;00299146;35
1;AS01;10.120.11.218;2021-04-08 19:26:04;00299146;35
1;AS01;10.120.11.221;2021-04-22 09:27:01;03053027;60
1;AS01;10.120.11.221;2021-04-22 12:05:21;03264666;60
1;AS01;10.120.11.222;2021-04-07 13:21:10;02715646;40
1;AS01;10.120.11.226;2021-04-06 08:53:03;03044234;64
1;AS01;10.120.11.226;2021-04-06 08:55:54;03045375;64
1;AS01;10.120.11.226;2021-04-06 09:42:33;03254918;64
1;AS01;10.120.11.226;2021-04-06 11:59:01;03289578;64
1;AS01;10.120.11.226;2021-04-15 10:31:53;1033809;55
1;AS01;10.120.11.226;2021-04-15 10:32:35;01033862;55
1;AS01;10.120.11.226;2021-04-15 10:33:14;00415650;55
1;AS01;10.120.11.226;2021-04-15 10:33:40;422927;55
1;AS01;10.120.11.226;2021-04-15 10:34:04;00410762;55
1;AS01;10.120.11.226;2021-04-15 10:34:29;422923;55
1;AS01;10.120.11.226;2021-04-15 10:34:56;00409861;55
1;AS01;10.120.11.226;2021-04-15 10:35:25;00403568;55
1;AS01;10.120.11.226;2021-04-15 10:36:11;00446829;55
1;AS01;10.120.11.226;2021-04-15 12:39:59;371419;70
1;AS01;10.120.11.227;2021-04-09 10:37:25;01006093;24
1;AS01;10.120.11.227;2021-04-09 15:02:05;01150994;24
1;AS01;10.120.11.230;2021-04-14 13:37:17;00415792;53
1;AS01;10.120.11.230;2021-04-14 13:38:16;00412296;53
1;AS01;10.120.11.230;2021-04-14 13:40:55;21001217;53
1;AS01;10.120.11.230;2021-04-14 13:43:28;21001843;53
1;AS01;10.120.11.230;2021-04-14 13:47:31;00417544;53
1;AS01;10.120.11.233;2021-04-19 10:55:42;01003611;20
1;AS01;10.120.11.234;2021-04-07 08:38:02;02002460;40
1;AS01;10.120.11.234;2021-04-07 09:36:34;02400118;40
1;AS01;10.120.11.234;2021-04-07 09:45:47;02400118;40
1;AS01;10.120.11.234;2021-04-07 16:17:01;02800577;40
1;AS01;10.120.11.234;2021-04-07 16:19:40;02800131;40
1;AS01;10.120.11.234;2021-04-07 16:20:47;02800031;40
1;AS01;10.120.11.234;2021-04-07 16:21:50;02409258;40
1;AS01;10.120.11.234;2021-04-07 16:25:02;00328429;40
1;AS01;10.120.11.234;2021-04-07 16:26:10;02021005;40
1;AS01;10.120.11.234;2021-04-07 16:27:39;00337935;40
1;AS01;10.120.11.234;2021-04-07 16:29:13;00412406;40
1;AS01;10.120.11.234;2021-04-07 16:37:23;02701931;40
1;AS01;10.120.11.234;2021-04-07 16:40:41;02032793;40
1;AS01;10.120.11.234;2021-04-07 16:45:32;02032793;40
1;AS01;10.120.11.234;2021-04-07 16:48:29;02021005;40
1;AS01;10.120.11.234;2021-04-07 17:00:46;02010868;40
1;AS01;10.120.11.234;2021-04-07 17:17:44;02018836;40
1;AS01;10.120.11.234;2021-04-07 17:34:02;02016301;40
1;AS01;10.120.11.234;2021-04-07 17:57:44;00347782;40
1;AS01;10.120.11.235;2021-04-13 16:43:28;00306563;3
1;AS01;10.120.11.235;2021-04-13 17:16:12;00026566;3
1;AS01;10.120.11.235;2021-04-13 17:21:23;00018038;3
1;AS01;10.120.11.235;2021-04-13 17:26:50;00290395;3
1;AS01;10.120.11.235;2021-04-13 17:27:57;00034788;3
1;AS01;10.120.11.235;2021-04-13 17:29:07;00281490;3
1;AS01;10.120.11.235;2021-04-13 17:30:03;00281489;3
1;AS01;10.120.11.235;2021-04-13 17:37:44;00279749;3
1;AS01;10.120.11.235;2021-04-13 17:39:05;00292453;3
1;AS01;10.120.11.235;2021-04-13 17:41:56;00288361;3
1;AS01;10.120.11.235;2021-04-13 18:00:21;00034788;3
1;AS01;10.120.11.235;2021-04-13 18:24:07;00281349;0
1;AS01;10.120.11.235;2021-04-13 18:37:08;00262751;3
1;AS01;10.120.11.235;2021-04-15 10:29:02;03029069;61
1;AS01;10.120.11.235;2021-04-15 11:27:09;03063573;61
1;AS01;10.120.11.235;2021-04-15 11:30:26;03255589;61
1;AS01;10.120.11.235;2021-04-15 11:33:42;03032409;61
1;AS01;10.120.11.235;2021-04-15 12:09:33;03022071;61
1;AS01;10.120.11.235;2021-04-15 14:54:43;03020864;61
1;AS01;10.120.11.27;2021-04-02 12:33:48;03194977;66
1;AS01;10.120.11.27;2021-04-02 13:25:19;03259809;66
1;AS01;10.120.11.27;2021-04-02 13:41:49;03184157;60
1;AS01;10.120.11.27;2021-04-02 13:42:37;03056969;64
1;AS01;10.120.11.27;2021-04-02 13:45:32;03031763;60
1;AS01;10.120.11.27;2021-04-02 13:46:51;03031764;60
1;AS01;10.120.11.27;2021-04-02 17:07:28;03283276;66
1;AS01;10.120.11.30;2021-04-20 15:07:36;00444191;76
1;AS01;10.120.11.32;2021-04-12 08:44:50;03031948;61
1;AS01;10.120.11.32;2021-04-12 09:34:21;03055671;61
1;AS01;10.120.11.32;2021-04-12 11:33:42;03036991;61
1;AS01;10.120.11.32;2021-04-12 11:35:22;03283209;61
1;AS01;10.120.11.32;2021-04-12 12:04:57;03018648;61
1;AS01;10.120.11.32;2021-04-12 12:37:43;03289222;62
1;AS01;10.120.11.32;2021-04-12 15:58:52;03028779;61
1;AS01;10.120.11.32;2021-04-12 16:01:33;03037068;61
1;AS01;10.120.11.32;2021-04-12 17:04:57;3030386;61
1;AS01;10.120.11.32;2021-04-12 17:10:38;03288205;61
1;AS01;10.120.11.32;2021-04-13 10:12:38;00322347;0
1;AS01;10.120.11.32;2021-04-13 10:27:30;00374347;0
1;AS01;10.120.11.32;2021-04-13 12:09:48;00451019;0
1;AS01;10.120.11.33;2021-04-08 07:46:48;03254529;60
1;AS01;10.120.11.33;2021-04-08 07:48:32;03115450;60
1;AS01;10.120.11.33;2021-04-08 07:50:38;03015576;60
1;AS01;10.120.11.33;2021-04-08 07:52:28;03214188;60
1;AS01;10.120.11.33;2021-04-08 07:53:30;03288486;60
1;AS01;10.120.11.33;2021-04-08 07:55:33;03289043;60
1;AS01;10.120.11.33;2021-04-08 07:56:28;03055149;60
1;AS01;10.120.11.33;2021-04-08 07:57:32;03285184;60
1;AS01;10.120.11.33;2021-04-08 08:06:08;03025642;60
1;AS01;10.120.11.33;2021-04-08 09:35:41;03166129;60
1;AS01;10.120.11.33;2021-04-08 09:36:35;00377874;60
1;AS01;10.120.11.33;2021-04-08 09:38:32;03278370;60
1;AS01;10.120.11.33;2021-04-08 09:38:59;00447290;60
1;AS01;10.120.11.33;2021-04-08 09:52:26;03278534;60
1;AS01;10.120.11.33;2021-04-08 11:31:48;03021943;60
1;AS01;10.120.11.33;2021-04-08 11:40:49;3061856;60
1;AS01;10.120.11.33;2021-04-08 12:02:42;03106978;60
1;AS01;10.120.11.33;2021-04-08 12:04:20;03018806;68
1;AS01;10.120.11.33;2021-04-08 12:40:06;03044503;60
1;AS01;10.120.11.33;2021-04-08 12:55:11;03006496;60
1;AS01;10.120.11.33;2021-04-08 15:20:59;03289052;60
1;AS01;10.120.11.35;2021-04-07 10:11:12;00026332;3
1;AS01;10.120.11.35;2021-04-07 10:34:03;00026331;3
1;AS01;10.120.11.35;2021-04-07 12:03:07;00025219;3
1;AS01;10.120.11.35;2021-04-07 13:10:27;00027231;3
1;AS01;10.120.11.35;2021-04-07 13:22:15;00039665;3
1;AS01;10.120.11.35;2021-04-07 13:27:20;00039665;3
1;AS01;10.120.11.35;2021-04-07 13:28:11;00026886;3
1;AS01;10.120.11.36;2021-04-07 14:45:29;00366784;60
1;AS01;10.120.11.36;2021-04-07 14:57:23;03021517;61
1;AS01;10.120.11.36;2021-04-07 15:04:56;03272244;63
1;AS01;10.120.11.36;2021-04-07 15:07:44;03003196;61
1;AS01;10.120.11.36;2021-04-07 15:50:49;03062473;66
1;AS01;10.120.11.36;2021-04-07 16:35:58;03012609;61
1;AS01;10.120.11.36;2021-04-07 17:28:35;03023996;61
1;AS01;10.120.11.36;2021-04-07 17:39:01;03039464;61
1;AS01;10.120.11.36;2021-04-07 17:45:25;03003295;61
1;AS01;10.120.11.36;2021-04-07 18:04:02;03051133;61
1;AS01;10.120.11.36;2021-04-07 18:09:24;00403349;61
1;AS01;10.120.11.36;2021-04-07 18:30:17;03291251;61
1;AS01;10.120.11.36;2021-04-07 18:37:53;03287583;61
1;AS01;10.120.11.36;2021-04-07 18:59:47;03050436;61
1;AS01;10.120.11.36;2021-04-07 19:48:33;03295252;61
1;AS01;10.120.11.36;2021-04-15 11:10:44;01003011;20
1;AS01;10.120.11.38;2021-04-12 16:10:39;03015519;60
1;AS01;10.120.11.38;2021-04-12 16:12:26;03040411;60
1;AS01;10.120.11.40;2021-04-20 16:11:09;2019098;57
1;AS01;10.120.11.40;2021-04-20 16:11:34;00440184;57
1;AS01;10.120.11.40;2021-04-20 16:12:52;442453;57
1;AS01;10.120.11.40;2021-04-20 16:13:15;4107258;57
1;AS01;10.120.11.40;2021-04-20 16:13:39;315259;57
1;AS01;10.120.11.40;2021-04-20 16:14:52;449090;57
1;AS01;10.120.11.40;2021-04-20 16:15:28;1067705;57
1;AS01;10.120.11.40;2021-04-20 16:16:17;1150824;57
1;AS01;10.120.11.40;2021-04-20 16:20:32;4118408;57
1;AS01;10.120.11.45;2021-04-22 17:37:07;03006504;60
1;AS01;10.120.11.48;2021-04-09 09:45:37;03288986;68
1;AS01;10.120.11.48;2021-04-09 09:46:48;03276930;68
1;AS01;10.120.11.48;2021-04-09 10:35:54;03285357;68
1;AS01;10.120.11.48;2021-04-09 11:49:56;00414946;68
1;AS01;10.120.11.51;2021-04-08 10:06:36;01130228;21
1;AS01;10.120.11.51;2021-04-08 13:49:03;01145448;21
1;AS01;10.120.11.51;2021-04-16 09:38:44;03042624;63
1;AS01;10.120.11.51;2021-04-16 12:40:51;03039678;63
1;AS01;10.120.11.53;2021-04-15 17:47:07;01141766;32
1;AS01;10.120.11.53;2021-04-15 18:16:35;01145006;32
1;AS01;10.120.11.53;2021-04-16 11:47:06;03004277;60
1;AS01;10.120.11.53;2021-04-21 10:31:40;03029263;60
1;AS01;10.120.11.53;2021-04-21 10:32:48;03034273;60
1;AS01;10.120.11.53;2021-04-21 11:13:47;03040279;60
1;AS01;10.120.11.53;2021-04-21 15:48:49;32687953;60
1;AS01;10.120.11.53;2021-04-21 18:16:05;03115245;60
1;AS01;10.120.11.53;2021-04-23 13:07:27;01436265;24
1;AS01;10.120.11.53;2021-04-23 13:08:31;01006806;24
1;AS01;10.120.11.53;2021-04-23 13:09:33;01006807;24
1;AS01;10.120.11.55;2021-04-08 17:03:23;00004075;0
1;AS01;10.120.11.55;2021-04-08 17:18:45;00313602;2
1;AS01;10.120.11.55;2021-04-08 17:21:34;00004560;0
1;AS01;10.120.11.55;2021-04-08 17:31:11;00014510;0
1;AS01;10.120.11.55;2021-04-08 17:58:23;00030437;2
1;AS01;10.120.11.55;2021-04-08 18:02:32;00045505;0
1;AS01;10.120.11.55;2021-04-09 16:06:50;01030037;21
1;AS01;10.120.11.55;2021-04-12 18:07:20;03033148;61
1;AS01;10.120.11.55;2021-04-12 18:26:52;03297892;61
1;AS01;10.120.11.55;2021-04-12 18:31:35;00366999;63
1;AS01;10.120.11.55;2021-04-12 18:32:19;3297891;61
1;AS01;10.120.11.55;2021-04-12 18:32:51;03043104;63
1;AS01;10.120.11.56;2021-04-21 11:16:56;10592;3
1;AS01;10.120.11.58;2021-04-13 08:33:26;01002437;20
1;AS01;10.120.11.58;2021-04-13 08:36:54;00317483;20
1;AS01;10.120.11.58;2021-04-13 08:44:39;01131643;20
1;AS01;10.120.11.58;2021-04-13 08:46:49;01004170;20
1;AS01;10.120.11.58;2021-04-13 08:53:25;01012687;22
1;AS01;10.120.11.58;2021-04-13 08:54:19;1027825;20
1;AS01;10.120.11.58;2021-04-13 08:59:54;1145644;20
1;AS01;10.120.11.58;2021-04-13 09:00:03;1145644;20
1;AS01;10.120.11.58;2021-04-13 09:00:58;1145644;20
1;AS01;10.120.11.58;2021-04-13 09:03:31;01028151;20
1;AS01;10.120.11.58;2021-04-13 09:04:15;01129441;20
1;AS01;10.120.11.58;2021-04-13 09:04:37;01129441;20
1;AS01;10.120.11.58;2021-04-13 09:05:04;01008903;20
1;AS01;10.120.11.58;2021-04-13 09:07:25;01033184;20
1;AS01;10.120.11.60;2021-04-08 09:26:18;03284820;60
1;AS01;10.120.11.60;2021-04-08 09:46:08;03005607;60
1;AS01;10.120.11.60;2021-04-08 10:10:43;03145473;60
1;AS01;10.120.11.60;2021-04-08 12:00:01;03037104;60
1;AS01;10.120.11.60;2021-04-08 12:00:35;03037103;60
1;AS01;10.120.11.63;2021-04-13 12:00:41;04004446;71
1;AS01;10.120.11.63;2021-04-13 12:04:13;4100177;71
1;AS01;10.120.11.64;2021-04-13 18:50:22;03254529;60
1;AS01;10.120.11.64;2021-04-13 18:53:36;03265370;61
1;AS01;10.120.11.64;2021-04-13 18:55:52;3266050;61
1;AS01;10.120.11.64;2021-04-13 18:56:19;378501;60
1;AS01;10.120.11.64;2021-04-13 18:56:49;402340;60
1;AS01;10.120.11.64;2021-04-21 09:03:31;01435551;22
1;AS01;10.120.11.64;2021-04-21 09:05:33;01019897;22
1;AS01;10.120.11.64;2021-04-21 09:06:59;01017891;22
1;AS01;10.120.11.64;2021-04-21 09:18:38;01024693;22
1;AS01;10.120.11.64;2021-04-21 09:32:53;01007781;22
1;AS01;10.120.11.64;2021-04-21 09:43:01;01013021;22
1;AS01;10.120.11.64;2021-04-21 09:43:40;01013021;22
1;AS01;10.120.11.64;2021-04-21 09:59:07;01006624;22
1;AS01;10.120.11.65;2021-04-01 16:23:43;04093725;70
1;AS01;10.120.11.65;2021-04-20 13:34:06;01004069;22
1;AS01;10.120.11.65;2021-04-20 13:34:24;01004069;22
1;AS01;10.120.11.67;2021-04-16 08:32:31;03900470;67
1;AS01;10.120.11.67;2021-04-16 08:33:35;03289393;67
1;AS01;10.120.11.67;2021-04-16 08:33:53;03289393;67
1;AS01;10.120.11.67;2021-04-16 08:34:41;03255338;67
1;AS01;10.120.11.67;2021-04-16 08:35:37;03187490;67
1;AS01;10.120.11.67;2021-04-16 08:36:27;04056997;67
1;AS01;10.120.11.67;2021-04-16 08:37:21;03282375;67
1;AS01;10.120.11.68;2021-04-15 10:03:53;01435553;24
1;AS01;10.120.11.68;2021-04-16 10:48:14;03288028;60
1;AS01;10.120.11.70;2021-04-19 11:15:26;03031091;60
1;AS01;10.120.11.70;2021-04-19 18:17:16;03024430;60
1;AS01;10.120.11.71;2021-04-21 15:33:37;00018306;0
1;AS01;10.120.11.73;2021-04-07 09:17:07;01012253;25
1;AS01;10.120.11.73;2021-04-07 09:27:55;01019286;25
1;AS01;10.120.11.73;2021-04-07 09:39:22;01009144;25
1;AS01;10.120.11.73;2021-04-07 10:29:15;01004801;25
1;AS01;10.120.11.73;2021-04-07 10:44:07;01012931;21
1;AS01;10.120.11.73;2021-04-07 10:50:35;01009145;25
1;AS01;10.120.11.73;2021-04-07 10:53:48;01007764;25
1;AS01;10.120.11.73;2021-04-07 10:55:10;01018321;25
1;AS01;10.120.11.73;2021-04-07 11:00:46;01021663;25
1;AS01;10.120.11.73;2021-04-07 11:04:29;01022123;25
1;AS01;10.120.11.73;2021-04-07 11:05:34;01156459;25
1;AS01;10.120.11.73;2021-04-07 11:06:32;01032565;25
1;AS01;10.120.11.73;2021-04-07 11:08:03;01023577;25
1;AS01;10.120.11.73;2021-04-07 11:10:53;01023577;25
1;AS01;10.120.11.73;2021-04-07 11:16:52;01667213;25
1;AS01;10.120.11.73;2021-04-07 11:18:43;01150370;25
1;AS01;10.120.11.73;2021-04-07 11:20:34;01150370;25
1;AS01;10.120.11.73;2021-04-07 11:22:01;01018551;25
1;AS01;10.120.11.73;2021-04-07 11:24:48;01148384;25
1;AS01;10.120.11.73;2021-04-07 11:25:44;01022089;25
1;AS01;10.120.11.73;2021-04-07 11:26:42;01002270;25
1;AS01;10.120.11.73;2021-04-07 11:37:21;01138556;25
1;AS01;10.120.11.73;2021-04-07 11:38:23;01003965;25
1;AS01;10.120.11.73;2021-04-07 11:39:42;01016892;20
1;AS01;10.120.11.73;2021-04-07 11:40:55;01153075;25
1;AS01;10.120.11.73;2021-04-07 11:51:11;01153203;25
1;AS01;10.120.11.73;2021-04-07 11:53:10;01029400;25
1;AS01;10.120.11.73;2021-04-07 11:55:11;01112891;25
1;AS01;10.120.11.74;2021-04-09 09:49:22;01033366;21
1;AS01;10.120.11.74;2021-04-09 17:55:09;01004156;21
1;AS01;10.120.11.74;2021-04-09 18:03:26;01010023;21
1;AS01;10.120.11.74;2021-04-09 18:11:28;1143310;21
1;AS01;10.120.11.74;2021-04-19 09:47:50;00420576;68
1;AS01;10.120.11.74;2021-04-19 09:48:45;00420576;68
1;AS01;10.120.11.74;2021-04-19 09:49:24;00420577;68
1;AS01;10.120.11.74;2021-04-19 12:09:28;03027546;68
1;AS01;10.120.11.74;2021-04-19 12:40:57;3126203;68
1;AS01;10.120.11.74;2021-04-19 12:47:15;03287871;68
1;AS01;10.120.11.74;2021-04-19 15:45:40;03179502;68
1;AS01;10.120.11.74;2021-04-19 15:47:15;03259072;68
1;AS01;10.120.11.74;2021-04-19 15:55:26;03284329;68
1;AS01;10.120.11.74;2021-04-20 15:17:02;00315964;32
1;AS01;10.120.11.74;2021-04-21 08:50:52;01017907;20
1;AS01;10.120.11.74;2021-04-21 09:52:04;01024756;20
1;AS01;10.120.11.74;2021-04-21 11:51:17;01063454;20
1;AS01;10.120.11.77;2021-04-15 10:23:19;00443508;73
1;AS01;10.120.11.77;2021-04-15 10:30:00;04049630;73
1;AS01;10.120.11.77;2021-04-15 10:30:31;04049630;73
1;AS01;10.120.11.77;2021-04-15 11:24:33;4109370;73
1;AS01;10.120.11.77;2021-04-15 11:25:10;4109739;73
1;AS01;10.120.11.77;2021-04-15 11:59:46;03055691;67
1;AS01;10.120.11.77;2021-04-15 12:01:36;03196586;67
1;AS01;10.120.11.79;2021-04-10 10:47:04;03275344;63
1;AS01;10.120.11.79;2021-04-10 10:58:42;03024744;63
1;AS01;10.120.11.79;2021-04-10 10:59:31;03002452;61
1;AS01;10.120.11.79;2021-04-14 12:58:10;00427873;63
1;AS01;10.120.11.79;2021-04-14 16:44:36;03900418;61
1;AS01;10.120.11.79;2021-04-14 16:45:55;03275650;63
1;AS01;10.120.11.79;2021-04-14 16:47:57;03275650;63
1;AS01;10.120.11.79;2021-04-14 17:29:24;03251507;61
1;AS01;10.120.11.84;2021-04-17 11:04:39;01137888;23
1;AS01;10.120.11.85;2021-04-09 10:56:08;01052145;24
1;AS01;10.120.11.86;2021-04-14 17:09:56;01150901;33
1;AS01;10.120.11.86;2021-04-14 17:12:41;00395774;33
1;AS01;10.120.11.86;2021-04-14 17:19:10;00368786;33
1;AS01;10.120.11.86;2021-04-14 17:23:55;00368786;33
1;AS01;10.120.11.86;2021-04-14 17:24:48;00301138;33
1;AS01;10.120.11.86;2021-04-14 17:35:55;01008682;33
1;AS01;10.120.11.86;2021-04-14 18:00:28;01149602;33
1;AS01;10.120.11.86;2021-04-14 18:05:44;01066481;33
1;AS01;10.120.11.86;2021-04-14 18:22:56;01145416;33
1;AS01;10.120.11.86;2021-04-14 18:24:16;01145416;33
1;AS01;10.120.11.86;2021-04-14 18:26:32;01149790;33
1;AS01;10.120.11.86;2021-04-14 18:30:33;01131438;33
1;AS01;10.120.11.88;2021-04-14 15:47:22;00344157;35
1;AS01;10.120.11.88;2021-04-14 15:49:07;310069;57
1;AS01;10.120.11.89;2021-04-12 09:42:14;03171642;60
1;AS01;10.120.11.90;2021-04-08 15:56:02;01435806;22
1;AS01;10.120.11.90;2021-04-08 16:06:10;01012021;22
1;AS01;10.120.11.91;2021-04-22 09:34:00;02009820;40
1;AS01;10.120.11.91;2021-04-22 12:04:35;03036360;60
1;AS01;10.120.11.91;2021-04-22 17:21:17;03013942;60
1;AS01;10.120.11.91;2021-04-22 19:12:45;01028134;20
1;AS01;10.120.11.91;2021-04-22 19:14:55;01131469;20
1;AS01;10.120.11.91;2021-04-22 19:18:32;00008543;0
1;AS01;10.120.11.92;2021-04-12 10:49:31;01013315;20
1;AS01;10.120.11.92;2021-04-12 10:51:01;01666832;20
1;AS01;10.120.11.92;2021-04-12 10:53:19;01085819;20
1;AS01;10.120.11.92;2021-04-12 10:54:37;01014734;20
1;AS01;10.120.11.92;2021-04-12 11:17:11;01134702;20
1;AS01;10.120.11.92;2021-04-12 11:18:21;00359731;20
1;AS01;10.120.11.92;2021-04-12 11:18:45;00359731;20
1;AS01;10.120.11.92;2021-04-12 11:20:07;01022523;20
1;AS01;10.120.11.92;2021-04-12 11:27:54;01087729;20
1;AS01;10.120.11.92;2021-04-12 11:29:30;01086808;20
1;AS01;10.120.11.92;2021-04-12 11:30:29;01153822;20
1;AS01;10.120.11.92;2021-04-12 11:38:01;01086810;20
1;AS01;10.120.11.92;2021-04-12 11:41:10;00395232;20
1;AS01;10.120.11.92;2021-04-12 11:42:55;01042999;20
1;AS01;10.120.11.92;2021-04-12 11:43:49;01002589;20
1;AS01;10.120.11.92;2021-04-12 11:44:52;01138549;20
1;AS01;10.120.11.92;2021-04-12 11:46:51;01021501;20
1;AS01;10.120.11.92;2021-04-12 11:56:19;01024805;20
1;AS01;10.120.11.92;2021-04-12 11:57:27;01135970;32
1;AS01;10.120.11.92;2021-04-12 12:09:47;01148259;32
1;AS01;10.120.11.92;2021-04-12 12:10:47;01001653;20
1;AS01;10.120.11.92;2021-04-12 12:12:50;01435348;20
1;AS01;10.120.11.92;2021-04-12 12:13:59;01013973;20
1;AS01;10.120.11.94;2021-04-21 14:29:39;00325206;35
1;AS01;10.120.11.95;2021-04-12 08:50:02;03284654;60
1;AS01;10.120.11.95;2021-04-12 08:58:00;03284654;60
1;AS01;10.120.11.95;2021-04-12 09:16:42;03034016;60
1;AS01;10.120.11.95;2021-04-12 15:19:45;03284806;60
1;AS01;10.120.11.95;2021-04-17 09:28:07;01107193;23
1;AS01;10.120.11.95;2021-04-17 10:10:42;01016220;23
1;AS01;10.120.11.95;2021-04-17 10:53:45;01029650;23
1;AS01;10.120.11.95;2021-04-17 11:01:45;01018799;23
1;AS01;10.120.5.10;2021-04-16 10:15:42;00376408;43
1;AS01;10.120.5.10;2021-04-16 13:49:26;00317981;43
1;AS01;10.120.5.10;2021-04-16 14:20:54;04012493;43
1;AS01;10.120.5.10;2021-04-16 17:10:06;4069493;43
1;AS01;10.120.5.10;2021-04-16 17:37:51;00414156;43
1;AS01;10.120.5.10;2021-04-16 17:39:11;414152;43
1;AS01;10.120.5.100;2021-04-19 09:41:59;01003178;22
1;AS01;10.120.5.100;2021-04-19 09:44:13;01025875;22
1;AS01;10.120.5.100;2021-04-19 09:50:02;01011084;22
1;AS01;10.120.5.100;2021-04-19 09:51:44;01003862;22
1;AS01;10.120.5.100;2021-04-19 10:04:38;01018871;22
1;AS01;10.120.5.100;2021-04-19 10:04:44;01018871;22
1;AS01;10.120.5.100;2021-04-19 10:05:28;01018871;22
1;AS01;10.120.5.100;2021-04-21 17:31:16;03006363;61
1;AS01;10.120.5.100;2021-04-21 17:47:09;03026277;61
1;AS01;10.120.5.100;2021-04-21 17:54:30;03037777;61
1;AS01;10.120.5.100;2021-04-21 18:09:35;03132387;61
1;AS01;10.120.5.100;2021-04-21 18:10:36;03031224;61
1;AS01;10.120.5.100;2021-04-21 18:28:14;03287996;61
1;AS01;10.120.5.100;2021-04-21 19:07:15;03043423;61
1;AS01;10.120.5.102;2021-04-16 09:10:46;00355972;32
1;AS01;10.120.5.102;2021-04-16 09:12:05;02013299;32
1;AS01;10.120.5.102;2021-04-16 09:13:16;2800684;32
1;AS01;10.120.5.102;2021-04-16 09:13:29;2800684;32
1;AS01;10.120.5.103;2021-04-12 12:05:39;00272207;4
1;AS01;10.120.5.103;2021-04-12 12:07:48;00272207;4
1;AS01;10.120.5.104;2021-04-14 15:25:19;02800354;44
1;AS01;10.120.5.104;2021-04-20 10:23:34;01028336;20
1;AS01;10.120.5.104;2021-04-20 10:59:10;01008832;20
1;AS01;10.120.5.104;2021-04-20 11:07:57;01001674;20
1;AS01;10.120.5.104;2021-04-20 11:45:43;01015363;20
1;AS01;10.120.5.104;2021-04-20 11:46:07;01015363;20
1;AS01;10.120.5.104;2021-04-20 11:47:03;01147841;20
1;AS01;10.120.5.104;2021-04-20 11:47:32;01147841;20
1;AS01;10.120.5.104;2021-04-20 14:40:15;01038990;20
1;AS01;10.120.5.105;2021-04-08 09:13:49;02020755;40
1;AS01;10.120.5.105;2021-04-14 11:20:43;01147439;20
1;AS01;10.120.5.105;2021-04-14 11:22:27;01020523;20
1;AS01;10.120.5.105;2021-04-14 11:26:54;01095284;20
1;AS01;10.120.5.105;2021-04-14 11:29:36;298031;20
1;AS01;10.120.5.105;2021-04-14 11:30:19;298032;20
1;AS01;10.120.5.105;2021-04-14 11:32:44;01150202;20
1;AS01;10.120.5.105;2021-04-14 12:12:01;01044240;20
1;AS01;10.120.5.105;2021-04-14 12:14:01;01150107;20
1;AS01;10.120.5.105;2021-04-14 12:24:02;01018305;20
1;AS01;10.120.5.105;2021-04-14 12:30:28;01021560;20
1;AS01;10.120.5.105;2021-04-14 12:32:19;01015159;20
1;AS01;10.120.5.105;2021-04-20 08:49:04;01076087;20
1;AS01;10.120.5.105;2021-04-20 09:00:19;01076087;20
1;AS01;10.120.5.106;2021-04-22 16:20:57;00039665;3
1;AS01;10.120.5.106;2021-04-22 16:22:15;00254315;3
1;AS01;10.120.5.106;2021-04-22 16:27:09;00025573;3
1;AS01;10.120.5.106;2021-04-22 16:30:14;00032181;3
1;AS01;10.120.5.106;2021-04-22 16:35:37;00010931;3
1;AS01;10.120.5.106;2021-04-22 16:46:07;00268926;3
1;AS01;10.120.5.107;2021-04-15 08:56:22;03288173;63
1;AS01;10.120.5.107;2021-04-15 09:08:29;03042626;63
1;AS01;10.120.5.107;2021-04-15 09:09:23;03116635;63
1;AS01;10.120.5.107;2021-04-15 09:10:22;03048626;63
1;AS01;10.120.5.107;2021-04-15 09:17:47;03040888;63
1;AS01;10.120.5.107;2021-04-15 09:19:11;03271572;63
1;AS01;10.120.5.107;2021-04-15 09:20:16;03000058;63
1;AS01;10.120.5.107;2021-04-15 09:31:42;03020320;63
1;AS01;10.120.5.107;2021-04-15 09:35:04;03294588;63
1;AS01;10.120.5.107;2021-04-15 09:35:57;03285151;63
1;AS01;10.120.5.107;2021-04-15 10:05:53;03054188;63
1;AS01;10.120.5.107;2021-04-15 10:09:47;03054188;63
1;AS01;10.120.5.107;2021-04-15 11:37:31;03288473;63
1;AS01;10.120.5.107;2021-04-15 11:41:00;03294651;63
1;AS01;10.120.5.107;2021-04-15 12:44:40;03020698;63
1;AS01;10.120.5.107;2021-04-15 12:59:07;03263372;63
1;AS01;10.120.5.107;2021-04-15 13:07:58;03900405;63
1;AS01;10.120.5.107;2021-04-19 10:08:48;01011307;20
1;AS01;10.120.5.107;2021-04-19 10:19:47;01002724;25
1;AS01;10.120.5.107;2021-04-19 10:26:07;01067896;25
1;AS01;10.120.5.107;2021-04-19 10:30:17;01027670;25
1;AS01;10.120.5.107;2021-04-19 10:33:33;01026326;25
1;AS01;10.120.5.107;2021-04-19 10:37:00;01004269;25
1;AS01;10.120.5.107;2021-04-19 10:41:00;01000847;25
1;AS01;10.120.5.107;2021-04-19 11:01:51;01118286;25
1;AS01;10.120.5.107;2021-04-19 11:06:53;01121998;25
1;AS01;10.120.5.107;2021-04-19 11:15:42;01009731;25
1;AS01;10.120.5.107;2021-04-19 11:24:33;01009731;25
1;AS01;10.120.5.107;2021-04-19 11:26:10;01018536;25
1;AS01;10.120.5.107;2021-04-19 11:27:56;00304245;25
1;AS01;10.120.5.107;2021-04-19 11:32:54;01026050;25
1;AS01;10.120.5.107;2021-04-19 11:35:27;01010649;25
1;AS01;10.120.5.107;2021-04-19 11:36:32;01017117;25
1;AS01;10.120.5.107;2021-04-19 11:38:48;1033263;25
1;AS01;10.120.5.107;2021-04-19 11:44:39;01011312;20
1;AS01;10.120.5.107;2021-04-19 11:45:30;01015369;20
1;AS01;10.120.5.107;2021-04-19 11:46:30;01025152;24
1;AS01;10.120.5.107;2021-04-19 11:56:01;01024439;20
1;AS01;10.120.5.107;2021-04-19 11:58:19;01024439;20
1;AS01;10.120.5.107;2021-04-19 12:00:19;01024439;20
1;AS01;10.120.5.107;2021-04-19 12:24:13;01026283;25
1;AS01;10.120.5.107;2021-04-19 12:29:50;01435437;25
1;AS01;10.120.5.107;2021-04-19 12:32:05;01435437;25
1;AS01;10.120.5.107;2021-04-19 12:33:00;01007892;25
1;AS01;10.120.5.107;2021-04-19 12:36:07;01007892;25
1;AS01;10.120.5.107;2021-04-19 12:56:27;1029587;25
1;AS01;10.120.5.107;2021-04-19 13:17:56;361362;25
1;AS01;10.120.5.108;2021-04-14 11:27:46;00400061;30
1;AS01;10.120.5.108;2021-04-14 11:28:57;00400061;30
1;AS01;10.120.5.108;2021-04-14 11:29:02;00319082;23
1;AS01;10.120.5.108;2021-04-14 11:30:54;00319910;23
1;AS01;10.120.5.108;2021-04-21 09:46:55;03036831;60
1;AS01;10.120.5.108;2021-04-21 11:55:35;03029436;60
1;AS01;10.120.5.109;2021-04-21 10:45:53;03061727;61
1;AS01;10.120.5.109;2021-04-21 17:38:20;03054995;61
1;AS01;10.120.5.109;2021-04-21 17:43:03;03116752;61
1;AS01;10.120.5.109;2021-04-21 18:01:55;03029399;61
1;AS01;10.120.5.109;2021-04-21 18:22:54;03023693;61
1;AS01;10.120.5.109;2021-04-21 18:29:14;03023692;61
1;AS01;10.120.5.109;2021-04-21 19:03:25;03024984;61
1;AS01;10.120.5.109;2021-04-21 19:06:22;03025954;61
1;AS01;10.120.5.110;2021-04-09 11:03:47;03012119;62
1;AS01;10.120.5.110;2021-04-09 13:23:00;03028664;62
1;AS01;10.120.5.110;2021-04-09 13:49:47;3018199;61
1;AS01;10.120.5.110;2021-04-09 13:50:15;3080257;61
1;AS01;10.120.5.111;2021-04-06 10:39:31;01086641;23
1;AS01;10.120.5.111;2021-04-08 10:48:10;02020755;40
1;AS01;10.120.5.111;2021-04-13 09:39:32;00379455;54
1;AS01;10.120.5.111;2021-04-13 10:42:24;04117012;36
1;AS01;10.120.5.111;2021-04-13 10:43:16;04105723;36
1;AS01;10.120.5.111;2021-04-15 16:30:22;02026457;40
1;AS01;10.120.5.111;2021-04-15 16:31:27;2028630;40
1;AS01;10.120.5.111;2021-04-15 16:34:15;04013837;43
1;AS01;10.120.5.111;2021-04-15 16:35:49;00002419;0
1;AS01;10.120.5.111;2021-04-15 17:00:20;02800295;43
1;AS01;10.120.5.111;2021-04-15 17:03:28;04058751;43
1;AS01;10.120.5.111;2021-04-15 17:09:49;02705393;43
1;AS01;10.120.5.111;2021-04-15 17:21:33;02705100;43
1;AS01;10.120.5.112;2021-04-07 09:53:35;03124181;62
1;AS01;10.120.5.12;2021-04-06 10:35:59;01006857;22
1;AS01;10.120.5.12;2021-04-06 10:45:57;01007591;22
1;AS01;10.120.5.12;2021-04-06 10:48:16;01007886;22
1;AS01;10.120.5.12;2021-04-06 10:49:54;01007886;22
1;AS01;10.120.5.12;2021-04-06 10:50:59;01028578;22
1;AS01;10.120.5.12;2021-04-06 10:52:05;01011084;22
1;AS01;10.120.5.12;2021-04-06 11:14:50;01105591;22
1;AS01;10.120.5.12;2021-04-06 11:21:10;01105591;22
1;AS01;10.120.5.12;2021-04-06 11:22:52;01057028;22
1;AS01;10.120.5.12;2021-04-06 11:23:56;01057028;22
1;AS01;10.120.5.12;2021-04-06 11:25:55;01057028;22
1;AS01;10.120.5.12;2021-04-06 11:27:05;01151939;22
1;AS01;10.120.5.12;2021-04-06 11:28:35;01006559;22
1;AS01;10.120.5.12;2021-04-06 11:29:35;01023135;22
1;AS01;10.120.5.12;2021-04-06 11:31:17;01023135;22
1;AS01;10.120.5.12;2021-04-06 11:32:14;01017711;22
1;AS01;10.120.5.12;2021-04-06 11:33:19;01003348;22
1;AS01;10.120.5.12;2021-04-06 11:34:29;01003237;22
1;AS01;10.120.5.12;2021-04-06 11:35:25;01011123;22
1;AS01;10.120.5.12;2021-04-06 11:36:22;01015931;22
1;AS01;10.120.5.12;2021-04-06 11:37:27;01012037;22
1;AS01;10.120.5.12;2021-04-06 11:38:26;01012899;22
1;AS01;10.120.5.12;2021-04-06 11:39:35;01011353;22
1;AS01;10.120.5.12;2021-04-06 11:40:30;01006124;22
1;AS01;10.120.5.12;2021-04-06 11:41:51;01013670;22
1;AS01;10.120.5.12;2021-04-12 08:47:04;03116999;60
1;AS01;10.120.5.12;2021-04-12 10:41:34;398037;60
1;AS01;10.120.5.12;2021-04-12 17:56:35;00035118;4
1;AS01;10.120.5.12;2021-04-12 17:59:21;00042032;4
1;AS01;10.120.5.120;2021-04-13 08:41:51;01133172;20
1;AS01;10.120.5.120;2021-04-13 10:32:26;01020144;20
1;AS01;10.120.5.120;2021-04-13 14:38:48;01011162;20
1;AS01;10.120.5.120;2021-04-13 14:55:39;01010905;20
1;AS01;10.120.5.120;2021-04-13 15:02:58;01152039;20
1;AS01;10.120.5.122;2021-04-20 12:15:45;02008830;40
1;AS01;10.120.5.122;2021-04-22 12:01:31;01012821;22
1;AS01;10.120.5.123;2021-04-09 09:15:17;01131690;48
1;AS01;10.120.5.123;2021-04-09 10:07:10;00340839;48
1;AS01;10.120.5.123;2021-04-09 10:28:36;01052848;48
1;AS01;10.120.5.123;2021-04-09 10:47:09;00299165;48
1;AS01;10.120.5.123;2021-04-09 10:56:43;01042968;48
1;AS01;10.120.5.123;2021-04-09 11:28:48;01042445;48
1;AS01;10.120.5.123;2021-04-09 14:42:28;01016767;48
1;AS01;10.120.5.124;2021-04-13 13:44:46;402596;55
1;AS01;10.120.5.124;2021-04-13 13:45:53;402596;55
1;AS01;10.120.5.126;2021-04-22 15:08:04;01435689;20
1;AS01;10.120.5.130;2021-04-27 08:45:25;01148298;32
1;AS01;10.120.5.130;2021-04-27 08:59:07;01148298;32
1;AS01;10.120.5.131;2021-04-16 09:38:23;00420943;57
1;AS01;10.120.5.131;2021-04-16 09:38:58;00344157;35
1;AS01;10.120.5.131;2021-04-16 10:28:40;319226;33
1;AS01;10.120.5.131;2021-04-16 11:25:33;00344157;35
1;AS01;10.120.5.133;2021-04-08 10:41:39;2702606;60
1;AS01;10.120.5.133;2021-04-08 10:43:06;2702605;60
1;AS01;10.120.5.133;2021-04-08 12:07:00;03113125;60
1;AS01;10.120.5.133;2021-04-16 11:02:14;01025874;22
1;AS01;10.120.5.134;2021-04-20 10:56:30;00125152;0
1;AS01;10.120.5.134;2021-04-21 14:49:54;01075255;23
1;AS01;10.120.5.134;2021-04-21 14:52:06;01136740;23
1;AS01;10.120.5.134;2021-04-21 14:55:53;01146963;23
1;AS01;10.120.5.134;2021-04-21 15:05:11;00325653;23
1;AS01;10.120.5.134;2021-04-21 15:09:07;00345320;23
1;AS01;10.120.5.135;2021-04-07 18:10:09;03033148;61
1;AS01;10.120.5.135;2021-04-07 18:10:43;03032029;60
1;AS01;10.120.5.135;2021-04-26 09:40:20;01007577;20
1;AS01;10.120.5.135;2021-04-26 09:41:13;01019372;20
1;AS01;10.120.5.137;2021-04-19 11:34:03;00371108;50
1;AS01;10.120.5.137;2021-04-19 11:46:30;00404249;50
1;AS01;10.120.5.137;2021-04-19 11:47:36;01074707;50
1;AS01;10.120.5.139;2021-04-22 08:50:15;01006924;20
1;AS01;10.120.5.139;2021-04-22 08:50:29;01006924;20
1;AS01;10.120.5.139;2021-04-22 08:51:31;01006926;20
1;AS01;10.120.5.139;2021-04-22 08:52:11;01027568;20
1;AS01;10.120.5.139;2021-04-22 09:02:23;01001678;20
1;AS01;10.120.5.139;2021-04-22 09:31:55;01001376;20
1;AS01;10.120.5.139;2021-04-22 10:13:30;01033580;20
1;AS01;10.120.5.14;2021-04-02 10:53:45;03041226;62
1;AS01;10.120.5.140;2021-04-15 11:31:24;03036094;62
1;AS01;10.120.5.144;2021-04-13 15:54:39;03020298;61
1;AS01;10.120.5.144;2021-04-13 17:09:04;03031801;60
1;AS01;10.120.5.144;2021-04-13 17:54:04;03037584;60
1;AS01;10.120.5.145;2021-04-22 09:27:37;03132319;60
1;AS01;10.120.5.146;2021-04-21 10:15:36;01004604;20
1;AS01;10.120.5.146;2021-04-21 11:27:17;01154845;20
1;AS01;10.120.5.147;2021-04-13 11:32:54;03048582;68
1;AS01;10.120.5.147;2021-04-13 12:41:55;03285682;61
1;AS01;10.120.5.149;2021-04-09 18:42:03;03043281;60
1;AS01;10.120.5.149;2021-04-09 19:02:53;03258249;60
1;AS01;10.120.5.149;2021-04-16 11:21:02;03051061;68
1;AS01;10.120.5.15;2021-04-16 12:31:07;01031699;24
1;AS01;10.120.5.150;2021-04-16 15:16:51;03202547;60
1;AS01;10.120.5.150;2021-04-24 11:41:46;01018912;22
1;AS01;10.120.5.152;2021-04-10 09:04:44;00303053;40
1;AS01;10.120.5.152;2021-04-10 09:41:01;02722293;40
1;AS01;10.120.5.152;2021-04-10 09:53:18;00336341;40
1;AS01;10.120.5.152;2021-04-10 10:14:32;02000335;40
1;AS01;10.120.5.153;2021-04-07 15:57:43;00023866;3
1;AS01;10.120.5.16;2021-04-20 08:21:51;01156684;20
1;AS01;10.120.5.16;2021-04-20 08:22:40;01154747;20
1;AS01;10.120.5.16;2021-04-20 08:24:10;00451232;20
1;AS01;10.120.5.16;2021-04-20 09:06:37;01009947;20
1;AS01;10.120.5.16;2021-04-20 09:10:02;01022191;20
1;AS01;10.120.5.16;2021-04-20 09:10:59;01028747;20
1;AS01;10.120.5.17;2021-04-07 10:53:40;03041226;62
1;AS01;10.120.5.17;2021-04-07 11:15:29;00398935;63
1;AS01;10.120.5.17;2021-04-07 11:34:34;00440509;63
1;AS01;10.120.5.17;2021-04-07 11:35:51;00440512;63
1;AS01;10.120.5.17;2021-04-07 11:37:00;03900398;61
1;AS01;10.120.5.17;2021-04-07 11:39:01;03900399;63
1;AS01;10.120.5.17;2021-04-07 12:01:13;03269955;61
1;AS01;10.120.5.17;2021-04-07 12:35:43;00362605;61
1;AS01;10.120.5.19;2021-04-20 16:08:51;00267469;1
1;AS01;10.120.5.19;2021-04-20 16:22:23;00277221;1
1;AS01;10.120.5.19;2021-04-20 16:23:32;263136;1
1;AS01;10.120.5.19;2021-04-20 16:28:45;00027013;1
1;AS01;10.120.5.19;2021-04-20 16:29:44;00301251;1
1;AS01;10.120.5.19;2021-04-20 16:30:47;00301250;1
1;AS01;10.120.5.19;2021-04-20 16:56:39;00017775;1
1;AS01;10.120.5.201;2021-04-19 12:49:52;00443700;57
1;AS01;10.120.5.201;2021-04-19 13:02:43;2800298;57
1;AS01;10.120.5.201;2021-04-19 13:08:05;407291;35
1;AS01;10.120.5.201;2021-04-19 13:08:49;407288;35
1;AS01;10.120.5.202;2021-04-07 13:08:14;03063665;68
1;AS01;10.120.5.202;2021-04-07 13:12:06;03027913;61
1;AS01;10.120.5.202;2021-04-07 13:12:35;410512;68
1;AS01;10.120.5.202;2021-04-07 13:13:01;00447198;68
1;AS01;10.120.5.202;2021-04-07 13:13:26;03027913;61
1;AS01;10.120.5.202;2021-04-07 13:15:19;03019542;68
1;AS01;10.120.5.203;2021-04-07 18:36:56;00320961;36
1;AS01;10.120.5.203;2021-04-07 18:44:21;00338857;36
1;AS01;10.120.5.203;2021-04-07 19:00:08;04113226;36
1;AS01;10.120.5.203;2021-04-07 19:03:05;01101202;36
1;AS01;10.120.5.203;2021-04-07 19:16:54;01124456;36
1;AS01;10.120.5.203;2021-04-07 19:24:03;04062527;36
1;AS01;10.120.5.203;2021-04-07 19:25:39;04099492;36
1;AS01;10.120.5.203;2021-04-07 19:28:24;04095891;36
1;AS01;10.120.5.203;2021-04-07 19:33:28;01152710;36
1;AS01;10.120.5.203;2021-04-07 19:33:53;00344996;36
1;AS01;10.120.5.203;2021-04-07 19:35:26;1152712;36
1;AS01;10.120.5.203;2021-04-07 19:35:50;00309570;36
1;AS01;10.120.5.203;2021-04-23 08:35:40;01019344;20
1;AS01;10.120.5.203;2021-04-23 09:13:26;01052536;20
1;AS01;10.120.5.203;2021-04-23 09:30:32;01156047;20
1;AS01;10.120.5.203;2021-04-23 09:43:38;01000087;20
1;AS01;10.120.5.203;2021-04-23 11:16:48;01024071;20
1;AS01;10.120.5.203;2021-04-23 11:32:21;01007503;20
1;AS01;10.120.5.206;2021-04-08 08:51:21;03282173;60
1;AS01;10.120.5.206;2021-04-08 09:47:53;03037557;60
1;AS01;10.120.5.206;2021-04-08 16:59:50;03284935;60
1;AS01;10.120.5.206;2021-04-08 17:13:28;03022684;60
1;AS01;10.120.5.206;2021-04-08 17:18:17;03039791;60
1;AS01;10.120.5.206;2021-04-08 17:32:40;03233272;60
1;AS01;10.120.5.206;2021-04-08 17:38:46;03282226;60
1;AS01;10.120.5.206;2021-04-08 17:42:14;03289996;60
1;AS01;10.120.5.206;2021-04-08 17:47:44;03037253;68
1;AS01;10.120.5.206;2021-04-08 17:48:52;03287507;60
1;AS01;10.120.5.206;2021-04-08 17:51:10;03218604;68
1;AS01;10.120.5.208;2021-04-14 13:14:05;00415792;53
1;AS01;10.120.5.208;2021-04-14 13:34:31;00415792;53
1;AS01;10.120.5.208;2021-04-16 12:37:35;00018744;0
1;AS01;10.120.5.208;2021-04-16 12:37:50;00018744;0
1;AS01;10.120.5.209;2021-04-14 16:53:46;01015690;20
1;AS01;10.120.5.209;2021-04-14 16:57:57;01003399;20
1;AS01;10.120.5.209;2021-04-14 17:05:57;01150458;33
1;AS01;10.120.5.209;2021-04-14 17:13:20;00303623;33
1;AS01;10.120.5.209;2021-04-14 17:27:57;01150591;33
1;AS01;10.120.5.209;2021-04-14 17:38:12;00339040;33
1;AS01;10.120.5.210;2021-04-21 10:57:15;01055786;20
1;AS01;10.120.5.210;2021-04-21 14:22:54;418120;20
1;AS01;10.120.5.210;2021-04-21 15:05:36;00405692;1
1;AS01;10.120.5.212;2021-04-08 13:31:01;01013230;23
1;AS01;10.120.5.212;2021-04-08 14:29:10;00278264;51
1;AS01;10.120.5.212;2021-04-08 14:33:42;00278264;51
1;AS01;10.120.5.212;2021-04-08 17:32:27;01016862;23
1;AS01;10.120.5.212;2021-04-08 17:34:09;1016863;23
1;AS01;10.120.5.212;2021-04-08 17:36:51;01436688;23
1;AS01;10.120.5.212;2021-04-08 17:40:41;01139470;23
1;AS01;10.120.5.212;2021-04-08 17:42:30;361203;23
1;AS01;10.120.5.212;2021-04-08 18:30:46;01033493;23
1;AS01;10.120.5.212;2021-04-08 18:31:33;00346165;23
1;AS01;10.120.5.212;2021-04-08 19:10:34;00324911;23
1;AS01;10.120.5.25;2021-04-09 14:35:09;01034802;24
1;AS01;10.120.5.25;2021-04-09 14:35:25;01034802;24
1;AS01;10.120.5.25;2021-04-09 14:37:23;00374908;24
1;AS01;10.120.5.25;2021-04-09 14:39:30;00303433;24
1;AS01;10.120.5.25;2021-04-09 14:42:00;01016503;24
1;AS01;10.120.5.25;2021-04-09 14:42:57;01011214;24
1;AS01;10.120.5.25;2021-04-09 14:45:07;01045307;24
1;AS01;10.120.5.25;2021-04-09 14:47:26;1131714;24
1;AS01;10.120.5.27;2021-04-08 09:38:36;03283278;66
1;AS01;10.120.5.27;2021-04-12 13:35:42;00030050;3
1;AS01;10.120.5.27;2021-04-12 13:39:18;00001640;3
1;AS01;10.120.5.27;2021-04-12 14:22:33;00040584;3
1;AS01;10.120.5.27;2021-04-12 14:25:44;00040583;3
1;AS01;10.120.5.27;2021-04-12 14:29:32;00149588;3
1;AS01;10.120.5.27;2021-04-12 14:47:33;00040143;3
1;AS01;10.120.5.27;2021-04-12 14:50:37;00332217;3
1;AS01;10.120.5.27;2021-04-12 14:54:15;01141218;3
1;AS01;10.120.5.27;2021-04-12 14:56:52;00285023;3
1;AS01;10.120.5.27;2021-04-12 14:59:30;00030464;3
1;AS01;10.120.5.27;2021-04-12 16:30:33;00049727;3
1;AS01;10.120.5.27;2021-04-12 18:48:54;00193811;3
1;AS01;10.120.5.27;2021-04-12 19:23:41;00008763;2
1;AS01;10.120.5.28;2021-04-19 16:50:53;00374160;56
1;AS01;10.120.5.28;2021-04-19 17:02:13;00401576;56
1;AS01;10.120.5.28;2021-04-19 17:13:34;00328315;56
1;AS01;10.120.5.28;2021-04-19 17:59:14;00408358;56
1;AS01;10.120.5.28;2021-04-19 18:12:46;00257979;0
1;AS01;10.120.5.28;2021-04-19 18:13:47;00046419;0
1;AS01;10.120.5.30;2021-04-22 09:18:55;01021541;20
1;AS01;10.120.5.30;2021-04-22 09:21:58;01015455;20
1;AS01;10.120.5.30;2021-04-22 09:22:32;01154449;20
1;AS01;10.120.5.30;2021-04-22 09:23:13;301705;20
1;AS01;10.120.5.30;2021-04-22 17:13:33;00319830;1
1;AS01;10.120.5.32;2021-04-09 08:53:12;03043314;61
1;AS01;10.120.5.32;2021-04-09 10:23:27;03005025;61
1;AS01;10.120.5.32;2021-04-09 10:35:34;3024330;61
1;AS01;10.120.5.33;2021-04-09 11:01:18;03033185;61
1;AS01;10.120.5.36;2021-04-08 09:26:33;03282782;40
1;AS01;10.120.5.36;2021-04-08 10:50:44;02718517;40
1;AS01;10.120.5.37;2021-04-08 09:13:13;03116445;62
1;AS01;10.120.5.37;2021-04-08 09:19:01;03036136;62
1;AS01;10.120.5.37;2021-04-08 09:59:43;03021778;62
1;AS01;10.120.5.37;2021-04-08 10:51:49;03044386;62
1;AS01;10.120.5.37;2021-04-08 16:19:19;03011088;62
1;AS01;10.120.5.37;2021-04-08 16:20:51;03011419;62
1;AS01;10.120.5.37;2021-04-08 16:22:36;03015056;62
1;AS01;10.120.5.37;2021-04-08 16:25:25;03058727;62
1;AS01;10.120.5.37;2021-04-08 16:26:27;03171769;62
1;AS01;10.120.5.37;2021-04-08 16:27:53;03251921;62
1;AS01;10.120.5.37;2021-04-08 16:30:00;03251921;62
1;AS01;10.120.5.37;2021-04-08 16:30:51;03261884;62
1;AS01;10.120.5.37;2021-04-08 16:31:53;03285083;62
1;AS01;10.120.5.37;2021-04-08 16:33:16;03285687;62
1;AS01;10.120.5.37;2021-04-08 16:35:12;03287326;62
1;AS01;10.120.5.39;2021-04-02 16:18:52;01065390;24
1;AS01;10.120.5.39;2021-04-02 16:22:33;01023860;24
1;AS01;10.120.5.39;2021-04-02 16:23:47;01001357;24
1;AS01;10.120.5.39;2021-04-02 16:28:25;01016949;24
1;AS01;10.120.5.39;2021-04-02 16:30:16;01154171;24
1;AS01;10.120.5.39;2021-04-02 16:39:19;01027243;24
1;AS01;10.120.5.39;2021-04-02 16:40:18;01027243;24
1;AS01;10.120.5.39;2021-04-21 09:09:01;01011141;20
1;AS01;10.120.5.39;2021-04-21 10:23:54;01007369;20
1;AS01;10.120.5.39;2021-04-21 10:31:18;01012669;23
1;AS01;10.120.5.39;2021-04-21 11:58:57;01012191;20
1;AS01;10.120.5.41;2021-04-15 09:10:12;03037765;63
1;AS01;10.120.5.42;2021-04-19 08:40:32;01155317;30
1;AS01;10.120.5.42;2021-04-19 08:47:12;02722526;30
1;AS01;10.120.5.42;2021-04-19 08:47:55;00296446;30
1;AS01;10.120.5.42;2021-04-19 08:50:24;01137095;30
1;AS01;10.120.5.42;2021-04-19 08:51:56;01155856;30
1;AS01;10.120.5.42;2021-04-19 08:59:51;00327069;30
1;AS01;10.120.5.42;2021-04-19 09:00:21;00327069;30
1;AS01;10.120.5.42;2021-04-19 09:07:00;01148791;30
1;AS01;10.120.5.42;2021-04-19 09:08:20;01155839;30
1;AS01;10.120.5.42;2021-04-19 09:11:05;01436579;30
1;AS01;10.120.5.42;2021-04-19 09:13:13;01148974;30
1;AS01;10.120.5.42;2021-04-19 09:24:15;00327388;30
1;AS01;10.120.5.42;2021-04-19 09:25:49;00297146;30
1;AS01;10.120.5.42;2021-04-19 09:26:38;00354648;30
1;AS01;10.120.5.42;2021-04-19 09:28:01;01155855;30
1;AS01;10.120.5.42;2021-04-19 09:28:53;00402306;30
1;AS01;10.120.5.42;2021-04-19 09:30:55;00301643;30
1;AS01;10.120.5.42;2021-04-19 12:26:26;00403272;30
1;AS01;10.120.5.42;2021-04-19 13:20:22;01143168;30
1;AS01;10.120.5.42;2021-04-19 13:33:25;01143886;30
1;AS01;10.120.5.42;2021-04-19 17:27:04;01147438;35
1;AS01;10.120.5.42;2021-04-19 17:28:33;01156867;30
1;AS01;10.120.5.42;2021-04-19 17:31:21;01000718;30
1;AS01;10.120.5.43;2021-04-09 09:32:33;03284037;64
1;AS01;10.120.5.43;2021-04-09 10:09:35;03287566;64
1;AS01;10.120.5.43;2021-04-13 10:37:10;00018344;0
1;AS01;10.120.5.43;2021-04-13 10:43:08;00120420;0
1;AS01;10.120.5.45;2021-04-08 08:38:50;00370071;61
1;AS01;10.120.5.46;2021-04-19 09:07:19;03185303;61
1;AS01;10.120.5.46;2021-04-19 09:31:16;03005121;61
1;AS01;10.120.5.46;2021-04-19 11:24:23;03284180;61
1;AS01;10.120.5.47;2021-04-06 11:23:59;00363589;66
1;AS01;10.120.5.47;2021-04-06 11:38:23;4107757;70
1;AS01;10.120.5.47;2021-04-06 11:57:23;04115056;36
1;AS01;10.120.5.51;2021-04-16 09:31:00;1010429;20
1;AS01;10.120.5.51;2021-04-16 09:32:40;337685;20
1;AS01;10.120.5.51;2021-04-16 09:45:33;01044967;25
1;AS01;10.120.5.51;2021-04-16 09:56:31;01015257;20
1;AS01;10.120.5.51;2021-04-16 09:56:54;01015257;20
1;AS01;10.120.5.51;2021-04-16 09:57:10;01015256;20
1;AS01;10.120.5.51;2021-04-16 12:10:34;01001728;20
1;AS01;10.120.5.52;2021-04-12 14:46:48;01136361;20
1;AS01;10.120.5.53;2021-04-16 10:37:53;01019864;20
1;AS01;10.120.5.53;2021-04-16 12:15:38;01435323;20
1;AS01;10.120.5.54;2021-04-09 08:40:35;00127183;1
1;AS01;10.120.5.54;2021-04-09 08:41:46;00029396;1
1;AS01;10.120.5.54;2021-04-09 08:47:05;00043793;1
1;AS01;10.120.5.54;2021-04-09 09:03:59;00034735;1
1;AS01;10.120.5.54;2021-04-09 09:10:31;00034724;3
1;AS01;10.120.5.54;2021-04-09 09:18:24;00012919;3
1;AS01;10.120.5.54;2021-04-09 09:19:12;00173140;1
1;AS01;10.120.5.54;2021-04-09 11:32:09;414946;68
1;AS01;10.120.5.54;2021-04-09 11:40:44;3282348;68
1;AS01;10.120.5.55;2021-04-16 10:08:51;1031188;25
1;AS01;10.120.5.56;2021-04-07 08:04:31;00316935;62
1;AS01;10.120.5.56;2021-04-07 08:05:20;03011187;62
1;AS01;10.120.5.56;2021-04-07 08:06:09;03011447;62
1;AS01;10.120.5.56;2021-04-07 08:06:59;03014407;62
1;AS01;10.120.5.56;2021-04-07 08:07:36;03020315;62
1;AS01;10.120.5.56;2021-04-07 08:08:15;03021778;62
1;AS01;10.120.5.56;2021-04-07 08:09:08;03028665;62
1;AS01;10.120.5.56;2021-04-07 08:09:48;03036759;62
1;AS01;10.120.5.56;2021-04-07 08:10:34;03116445;62
1;AS01;10.120.5.56;2021-04-07 08:11:15;03124181;62
1;AS01;10.120.5.56;2021-04-07 09:41:54;00316935;62
1;AS01;10.120.5.56;2021-04-07 10:30:10;00365796;62
1;AS01;10.120.5.56;2021-04-07 10:31:56;00365796;62
1;AS01;10.120.5.56;2021-04-07 16:19:03;03280879;62
1;AS01;10.120.5.58;2021-04-02 08:43:37;03041008;64
1;AS01;10.120.5.59;2021-04-09 09:52:50;03062969;60
1;AS01;10.120.5.59;2021-04-09 12:05:03;01012462;22
1;AS01;10.120.5.59;2021-04-09 13:14:43;03033554;60
1;AS01;10.120.5.59;2021-04-20 14:25:23;01081016;20
1;AS01;10.120.5.59;2021-04-20 14:30:05;01436413;20
1;AS01;10.120.5.64;2021-04-13 12:24:55;03289239;61
1;AS01;10.120.5.64;2021-04-13 12:28:15;03289103;60
1;AS01;10.120.5.64;2021-04-19 17:39:24;03000215;63
1;AS01;10.120.5.64;2021-04-19 17:46:09;03278565;63
1;AS01;10.120.5.64;2021-04-19 17:53:50;03014564;63
1;AS01;10.120.5.64;2021-04-19 17:54:46;03014564;63
1;AS01;10.120.5.65;2021-04-08 10:03:14;03038934;63
1;AS01;10.120.5.65;2021-04-08 16:37:23;03027403;63
1;AS01;10.120.5.65;2021-05-03 16:58:43;3033148;61
1;AS01;10.120.5.72;2021-04-08 09:53:19;03274499;62
1;AS01;10.120.5.72;2021-04-08 10:40:37;03294232;62
1;AS01;10.120.5.72;2021-04-08 16:50:22;03031862;60
1;AS01;10.120.5.72;2021-04-08 17:03:59;03286741;62
1;AS01;10.120.5.72;2021-04-08 17:04:41;03281564;62
1;AS01;10.120.5.72;2021-04-08 17:05:54;03279366;62
1;AS01;10.120.5.72;2021-04-08 17:11:23;03051802;62
1;AS01;10.120.5.72;2021-04-14 11:29:53;04111597;71
1;AS01;10.120.5.72;2021-04-14 11:38:30;03150479;71
1;AS01;10.120.5.72;2021-04-14 13:29:43;00405497;71
1;AS01;10.120.5.72;2021-04-14 13:30:44;02005046;71
1;AS01;10.120.5.72;2021-04-14 13:43:12;04000547;76
1;AS01;10.120.5.72;2021-04-14 16:17:22;04004221;43
1;AS01;10.120.5.72;2021-04-14 16:19:03;04039743;71
1;AS01;10.120.5.72;2021-04-16 16:55:43;00022379;1
1;AS01;10.120.5.74;2021-04-07 11:21:28;03276126;64
1;AS01;10.120.5.74;2021-04-07 13:19:52;03058277;64
1;AS01;10.120.5.74;2021-04-13 09:09:48;03055365;60
1;AS01;10.120.5.74;2021-04-13 13:01:02;00347091;41
1;AS01;10.120.5.75;2021-04-09 09:09:43;00030902;4
1;AS01;10.120.5.76;2021-04-02 10:04:44;3001203;61
1;AS01;10.120.5.76;2021-04-02 11:18:55;3030232;61
1;AS01;10.120.5.77;2021-04-06 16:32:53;00044053;1
1;AS01;10.120.5.77;2021-04-15 13:18:19;03050705;68
1;AS01;10.120.5.77;2021-04-19 11:20:13;03024646;61
1;AS01;10.120.5.77;2021-04-19 11:24:33;03018418;61
1;AS01;10.120.5.77;2021-04-21 15:42:48;00018744;0
1;AS01;10.120.5.77;2021-04-21 15:50:50;00004308;5
1;AS01;10.120.5.77;2021-04-21 15:55:23;00021711;0
1;AS01;10.120.5.77;2021-04-21 15:58:46;00021263;5
1;AS01;10.120.5.77;2021-04-21 16:04:27;00042446;5
1;AS01;10.120.5.77;2021-04-21 16:07:22;00286698;5
1;AS01;10.120.5.77;2021-04-21 16:08:35;00000294;5
1;AS01;10.120.5.77;2021-04-21 16:09:26;00300363;0
1;AS01;10.120.5.77;2021-04-21 16:13:12;00021711;0
1;AS01;10.120.5.77;2021-04-21 16:46:28;00384712;5
1;AS01;10.120.5.77;2021-04-21 16:50:12;00286700;5
1;AS01;10.120.5.77;2021-04-21 16:56:01;00023602;5
1;AS01;10.120.5.77;2021-04-21 17:58:11;00021550;0
1;AS01;10.120.5.77;2021-04-21 18:27:59;00041147;5
1;AS01;10.120.5.78;2021-04-08 09:27:28;03288636;70
1;AS01;10.120.5.80;2021-04-22 09:12:45;01012729;23
1;AS01;10.120.5.80;2021-04-22 09:16:15;01013337;23
1;AS01;10.120.5.80;2021-04-22 09:43:07;00302165;23
1;AS01;10.120.5.80;2021-04-22 10:12:41;01026938;23
1;AS01;10.120.5.80;2021-04-22 10:17:24;01026938;23
1;AS01;10.120.5.80;2021-04-22 10:19:33;01436070;23
1;AS01;10.120.5.80;2021-04-22 11:26:49;01027170;23
1;AS01;10.120.5.80;2021-04-22 12:07:51;01017099;23
1;AS01;10.120.5.80;2021-04-22 12:10:07;01028088;23
1;AS01;10.120.5.80;2021-04-22 12:12:48;01028088;23
1;AS01;10.120.5.80;2021-04-22 12:28:10;01027881;23
1;AS01;10.120.5.80;2021-04-22 12:36:05;01056327;23
1;AS01;10.120.5.80;2021-04-22 13:10:32;00316616;23
1;AS01;10.120.5.80;2021-04-22 13:13:13;01146961;23
1;AS01;10.120.5.80;2021-04-22 13:16:12;00316618;23
1;AS01;10.120.5.80;2021-04-22 13:34:28;01139742;23
1;AS01;10.120.5.80;2021-04-22 13:35:32;01139742;23
1;AS01;10.120.5.80;2021-04-22 14:52:53;01010652;20
1;AS01;10.120.5.80;2021-04-22 15:38:47;01075255;23
1;AS01;10.120.5.81;2021-04-01 16:03:40;03277071;60
1;AS01;10.120.5.82;2021-04-02 13:18:41;01012253;25
1;AS01;10.120.5.82;2021-04-08 11:18:57;03016054;61
1;AS01;10.120.5.85;2021-04-22 09:02:47;03024984;61
1;AS01;10.120.5.87;2021-04-15 11:42:06;01667270;33
1;AS01;10.120.5.87;2021-04-15 12:16:38;2026776;40
1;AS01;10.120.5.87;2021-04-15 12:21:02;2707089;40
1;AS01;10.120.5.89;2021-04-14 09:02:34;03046009;61
1;AS01;10.120.5.89;2021-04-14 16:29:02;03287534;61
1;AS01;10.120.5.90;2021-04-12 16:42:24;00259051;4
1;AS01;10.120.5.91;2021-04-15 12:01:44;02722781;44
1;AS01;10.120.5.91;2021-04-15 12:02:12;02722781;44
1;AS01;10.120.5.91;2021-04-15 12:04:40;01105493;26
1;AS01;10.120.5.91;2021-04-15 12:12:06;01051299;44
1;AS01;10.120.5.91;2021-04-15 12:15:24;00320997;44
1;AS01;10.120.5.91;2021-04-15 12:19:32;00360667;44
1;AS01;10.120.5.91;2021-04-15 12:24:11;00326687;44
1;AS01;10.120.5.91;2021-04-15 12:29:33;02704008;44
1;AS01;10.120.5.91;2021-04-15 12:31:35;02719019;44
1;AS01;10.120.5.91;2021-04-15 12:35:10;00341571;44
1;AS01;10.120.5.91;2021-04-15 12:39:09;02800303;44
1;AS01;10.120.5.91;2021-04-15 12:41:07;00405791;44
1;AS01;10.120.5.91;2021-04-15 12:44:18;02800449;44
1;AS01;10.120.5.91;2021-04-15 12:46:02;02704356;44
1;AS01;10.120.5.91;2021-04-15 13:08:11;00332216;44
1;AS01;10.120.5.91;2021-04-15 13:11:13;00355422;44
1;AS01;10.120.5.92;2021-04-01 11:49:06;03163536;66
1;AS01;10.120.5.95;2021-04-01 15:00:30;03041226;62
1;AS01;10.120.5.95;2021-04-01 16:17:51;03041226;62
1;AS01;10.120.5.96;2021-04-22 09:06:41;04098560;76
1;AS01;10.120.5.96;2021-04-22 09:09:45;04000149;76
1;AS01;10.120.5.96;2021-04-22 09:12:52;04110657;76
1;AS01;10.120.5.96;2021-04-22 09:16:12;04095252;76
1;AS01;10.120.5.96;2021-04-22 09:22:32;4011119;76
1;AS01;10.120.5.96;2021-04-22 09:23:06;4095251;76
1;AS01;10.120.5.96;2021-04-22 09:27:46;03282391;76
1;AS01;10.120.5.96;2021-04-22 09:31:20;04122494;76
1;AS01;10.120.5.96;2021-04-22 09:39:09;04094808;76
1;AS01;10.120.5.96;2021-04-22 09:42:31;04009953;76
1;AS01;10.120.5.96;2021-04-22 09:46:21;00396818;76
1;AS01;10.120.5.96;2021-04-22 09:50:08;04110582;76
1;AS01;10.120.5.96;2021-04-22 09:53:18;04001462;76
1;AS01;10.120.5.96;2021-04-22 09:54:40;04111444;76
1;AS01;10.120.5.96;2021-04-22 09:55:43;00371636;76
1;AS01;10.120.5.96;2021-04-22 18:09:25;04201009;76
1;AS01;10.120.5.97;2021-04-15 13:48:51;01142124;32
1;AS01;10.120.5.97;2021-04-15 15:02:39;00310287;32
1;AS01;10.120.5.97;2021-04-15 15:03:53;00310288;32
1;AS01;10.120.5.97;2021-04-15 15:12:09;01156463;32
1;AS01;10.120.5.97;2021-04-15 15:28:56;00372706;32
1;AS01;10.120.5.97;2021-04-15 15:32:39;01027540;32
1;AS01;10.120.5.97;2021-04-15 15:34:00;01045088;32
1;AS01;10.120.5.97;2021-04-15 15:35:07;01141766;32
1;AS01;10.120.5.97;2021-04-15 15:38:13;01034163;24
1;AS01;10.120.5.97;2021-04-15 15:40:30;00451083;26
1;AS01;10.120.5.97;2021-04-15 15:44:10;01154752;32
1;AS01;10.120.5.97;2021-04-15 15:45:23;00327211;32
1;AS01;10.120.5.98;2021-04-06 12:41:51;00035347;0
1;AS01;10.120.5.98;2021-04-06 12:49:00;00005395;2
1;AS01;10.120.5.99;2021-04-06 13:33:02;00404677;1
1;AS01;10.120.5.99;2021-04-22 09:35:23;04094813;70
1;AS01;10.120.5.99;2021-04-22 09:36:08;04102559;70
1;AS01;10.120.9.100;2021-04-06 17:44:36;01130910;22
1;AS01;10.120.9.100;2021-04-06 18:36:35;01435932;24
1;AS01;10.120.9.100;2021-04-06 19:04:32;01017506;24
1;AS01;10.120.9.100;2021-04-06 19:27:18;01666972;24
1;AS01;10.120.9.100;2021-04-15 11:47:46;03287576;68
1;AS01;10.120.9.100;2021-04-15 11:52:28;03047532;68
1;AS01;10.120.9.102;2021-04-06 10:50:34;03283275;66
1;AS01;10.120.9.102;2021-04-06 10:54:30;03283275;66
1;AS01;10.120.9.104;2021-04-20 15:12:35;03000097;60
1;AS01;10.120.9.104;2021-04-20 15:15:50;03000097;60
1;AS01;10.120.9.104;2021-04-20 15:23:32;03005752;60
1;AS01;10.120.9.104;2021-04-20 16:33:50;03289175;60
1;AS01;10.120.9.104;2021-04-20 16:35:14;03286309;60
1;AS01;10.120.9.104;2021-04-20 17:02:57;03024430;60
1;AS01;10.120.9.104;2021-04-20 17:05:51;03295118;60
1;AS01;10.120.9.104;2021-04-20 17:18:08;03001638;60
1;AS01;10.120.9.106;2021-04-09 11:25:13;03021385;60
1;AS01;10.120.9.106;2021-04-09 11:57:23;03284935;60
1;AS01;10.120.9.108;2021-04-02 09:50:11;03264813;64
1;AS01;10.120.9.108;2021-04-02 10:13:54;03041758;64
1;AS01;10.120.9.108;2021-04-02 10:56:48;03262651;64
1;AS01;10.120.9.108;2021-04-02 13:11:51;3251687;64
1;AS01;10.120.9.108;2021-04-09 16:58:39;00347229;20
1;AS01;10.120.9.109;2021-04-09 12:41:14;02800038;40
1;AS01;10.120.9.109;2021-04-09 12:42:56;02001554;40
1;AS01;10.120.9.109;2021-04-09 12:54:18;02020755;40
1;AS01;10.120.9.109;2021-04-09 12:55:27;02002460;40
1;AS01;10.120.9.109;2021-04-09 12:56:11;00351166;40
1;AS01;10.120.9.109;2021-04-09 13:18:59;02007054;40
1;AS01;10.120.9.112;2021-04-06 17:14:59;1021298;24
1;AS01;10.120.9.112;2021-04-08 17:30:25;04107877;36
1;AS01;10.120.9.112;2021-04-08 17:30:49;04091323;36
1;AS01;10.120.9.112;2021-04-08 17:33:05;00320961;36
1;AS01;10.120.9.112;2021-04-08 18:56:42;00409991;36
1;AS01;10.120.9.112;2021-04-08 18:57:46;00311531;36
1;AS01;10.120.9.119;2021-04-09 09:09:39;00030902;4
1;AS01;10.120.9.119;2021-04-09 09:10:32;00032543;0
1;AS01;10.120.9.120;2021-04-06 12:38:16;00023906;3
1;AS01;10.120.9.122;2021-04-08 13:26:56;00310326;23
1;AS01;10.120.9.122;2021-04-08 13:40:26;01025920;23
1;AS01;10.120.9.122;2021-04-08 13:47:41;01015212;23
1;AS01;10.120.9.122;2021-04-08 13:56:16;01090874;23
1;AS01;10.120.9.122;2021-04-08 13:57:02;01090874;23
1;AS01;10.120.9.122;2021-04-08 13:59:12;01145692;23
1;AS01;10.120.9.122;2021-04-08 14:15:03;01026133;23
1;AS01;10.120.9.122;2021-04-08 14:57:34;01154307;23
1;AS01;10.120.9.122;2021-04-08 15:09:00;01015646;23
1;AS01;10.120.9.122;2021-04-08 15:13:21;01021705;23
1;AS01;10.120.9.122;2021-04-08 15:18:14;01129829;23
1;AS01;10.120.9.122;2021-04-08 15:25:01;01033115;23
1;AS01;10.120.9.122;2021-04-08 15:35:58;01012885;23
1;AS01;10.120.9.122;2021-04-08 15:36:27;01012885;23
1;AS01;10.120.9.122;2021-04-08 15:40:15;01015943;23
1;AS01;10.120.9.122;2021-04-08 15:50:01;01017365;23
1;AS01;10.120.9.122;2021-04-08 15:52:51;01137221;23
1;AS01;10.120.9.122;2021-04-08 15:54:37;01137221;23
1;AS01;10.120.9.122;2021-04-08 15:59:24;01016353;23
1;AS01;10.120.9.122;2021-04-08 16:00:11;01016353;23
1;AS01;10.120.9.122;2021-04-08 16:01:37;01081335;23
1;AS01;10.120.9.122;2021-04-08 16:07:10;01016132;23
1;AS01;10.120.9.124;2021-04-09 12:41:37;00363817;54
1;AS01;10.120.9.124;2021-04-09 12:43:28;21001640;53
1;AS01;10.120.9.124;2021-04-09 12:44:16;00363821;54
1;AS01;10.120.9.124;2021-04-09 12:45:10;00363821;54
1;AS01;10.120.9.124;2021-04-09 12:46:16;00364900;53
1;AS01;10.120.9.124;2021-04-09 12:47:10;00445711;54
1;AS01;10.120.9.124;2021-04-09 12:47:47;00445711;54
1;AS01;10.120.9.124;2021-04-09 13:02:18;00372234;54
1;AS01;10.120.9.124;2021-04-09 13:04:40;21001660;54
1;AS01;10.120.9.126;2021-04-07 17:35:16;01002710;25
1;AS01;10.120.9.126;2021-04-07 17:49:42;01021581;20
1;AS01;10.120.9.126;2021-04-07 17:55:11;01134309;20
1;AS01;10.120.9.128;2021-04-08 09:13:51;01012885;23
1;AS01;10.120.9.128;2021-04-08 09:15:10;01012885;23
1;AS01;10.120.9.53;2022-03-25 15:37:58;03033148;61
1;AS01;10.120.9.90;2021-04-08 16:47:04;1019852;22
1;AS01;10.120.9.91;2021-04-15 10:55:23;00443168;44
1;AS01;10.120.9.91;2021-04-15 11:01:02;02703135;44
1;AS01;10.120.9.91;2021-04-15 11:32:21;00343969;44
1;AS01;10.120.9.91;2021-04-15 11:54:13;00338880;44
1;AS01;10.120.9.91;2021-04-15 11:57:48;02705325;44
1;AS01;10.120.9.91;2021-04-15 12:03:18;00423055;44
1;AS01;10.120.9.91;2021-04-15 12:16:15;02708440;44
1;AS01;10.120.9.91;2021-04-15 12:33:36;02723653;44
1;AS01;10.120.9.91;2021-04-15 12:52:30;01019675;23
1;AS01;10.120.9.93;2021-04-09 11:51:25;03233272;60
1;AS01;10.120.9.93;2021-04-09 14:43:31;03028588;60
1;AS01;10.120.9.93;2021-04-09 14:52:19;03034016;60
1;AS01;10.120.9.93;2021-04-09 14:55:59;03034410;60
1;AS01;10.120.9.96;2021-04-12 12:54:15;02020755;40
1;AS01;10.120.9.96;2021-04-12 12:55:37;02020755;40
1;AS01;10.120.9.96;2021-04-19 08:56:21;01033124;20
1;AS01;10.120.9.96;2021-04-19 12:04:52;01435321;20
1;AS01;10.120.9.97;2021-04-08 09:38:17;01152710;36
1;AS01;10.120.9.97;2021-04-08 17:23:22;00320961;36
